volume, value
1,0
2,0
3,0
4,0
5,0
6,0
7,0
8,0
9,0
10,0
11,0
12,0
13,0
14,0
15,0
16,0
17,0
18,0
19,0
20,0
21,0
22,0
23,0
24,0
25,0
26,0
27,0
28,0
29,0
30,0
31,0
32,0
33,0
34,0
35,0
36,0
37,0
38,0
39,0
40,0
41,0
42,0
43,0
44,0
45,0
46,0
47,0
48,0
49,0
50,0
51,0
52,0
53,0
54,0
55,0
56,0
57,0
58,0
59,0
60,0
61,0
62,0
63,0
64,0
65,0
66,0
67,0
68,0
69,0
70,0
71,0
72,0
73,0
74,0
75,0
76,0
77,0
78,0
79,0
80,0
81,0
82,0
83,0
84,0
85,0
86,0
87,0
88,0
89,0
90,0
91,0
92,0
93,0
94,0
95,0
96,0
97,0
98,0
99,0
100,0
101,0
102,0
103,0
104,0
105,0
106,0
107,0
108,0
109,0
110,0
111,0
112,0
113,0
114,0
115,0
116,0
117,0
118,0
119,0
120,0
121,0
122,0
123,0
124,0
125,0
126,0
127,0
128,0
129,0
130,0
131,0
132,0
133,0
134,0
135,0
136,0
137,0
138,0
139,0
140,0
141,0
142,0
143,0
144,0
145,0
146,0
147,0
148,0
149,0
150,0
151,0
152,0
153,0
154,0
155,0
156,0
157,0
158,0
159,0
160,0
161,0
162,0
163,0
164,0
165,0
166,0
167,0
168,0
169,0
170,0
171,0
172,0
173,0
174,0
175,0
176,0
177,0
178,0
179,0
180,0
181,0
182,0
183,0
184,0
185,0
186,0
187,0
188,0
189,0
190,0
191,0
192,0
193,0
194,0
195,0
196,0
197,0
198,0
199,0
200,0
201,0
202,0
203,0
204,0
205,0
206,0
207,0
208,0
209,0
210,0
211,0
212,0
213,0
214,0
215,0
216,0
217,0
218,0
219,0
220,0
221,0
222,0
223,0
224,0
225,0
226,0
227,0
228,0
229,0
230,0
231,0
232,0
233,0
234,0
235,0
236,0
237,0
238,0
239,0
240,0
241,0
242,0
243,0
244,0
245,0
246,0
247,0
248,0
249,0
250,0
251,0
252,0
253,0
254,0
255,0
256,0
257,0
258,0
259,0
260,0
261,0
262,0
263,0
264,0
265,0
266,0
267,0
268,0
269,0
270,0
271,0
272,0
273,0
274,0
275,0
276,0
277,0
278,0
279,0
280,0
281,0
282,0
283,0
284,0
285,0
286,0
287,0
288,0
289,0
290,0
291,1
292,1
293,1
294,1
295,1
296,1
297,1
298,1
299,1
300,1
301,1
302,1
303,1
304,1
305,1
306,1
307,1
308,1
309,1
310,1
311,1
312,1
313,1
314,1
315,1
316,1
317,1
318,1
319,1
320,1
321,1
322,1
323,1
324,1
325,1
326,1
327,1
328,1
329,1
330,1
331,1
332,1
333,1
334,1
335,1
336,1
337,1
338,1
339,1
340,1
341,1
342,1
343,1
344,1
345,1
346,1
347,1
348,1
349,1
350,1
351,1
352,1
353,1
354,1
355,1
356,1
357,1
358,1
359,1
360,1
361,1
362,1
363,1
364,1
365,1
366,1
367,1
368,1
369,1
370,1
371,1
372,1
373,1
374,1
375,1
376,1
377,1
378,1
379,1
380,1
381,1
382,1
383,1
384,1
385,1
386,1
387,1
388,1
389,1
390,1
391,1
392,1
393,1
394,1
395,1
396,1
397,1
398,1
399,1
400,1
401,1
402,1
403,1
404,1
405,1
406,1
407,1
408,1
409,1
410,1
411,1
412,1
413,1
414,1
415,1
416,1
417,1
418,1
419,1
420,1
421,1
422,1
423,1
424,1
425,1
426,1
427,1
428,1
429,1
430,1
431,1
432,1
433,1
434,1
435,1
436,1
437,1
438,1
439,1
440,1
441,1
442,1
443,1
444,1
445,1
446,1
447,1
448,1
449,1
450,1
451,1
452,1
453,1
454,1
455,1
456,1
457,1
458,1
459,1
460,1
461,1
462,1
463,1
464,1
465,1
466,1
467,1
468,1
469,1
470,1
471,1
472,1
473,1
474,1
475,1
476,1
477,1
478,1
479,1
480,1
481,1
482,1
483,1
484,1
485,1
486,1
487,1
488,1
489,1
490,1
491,1
492,1
493,1
494,1
495,1
496,1
497,1
498,1
499,1
500,1
501,1
502,1
503,1
504,1
505,1
506,1
507,1
508,1
509,1
510,1
511,1
512,1
513,1
514,1
515,1
516,1
517,1
518,1
519,1
520,1
521,1
522,1
523,1
524,1
525,1
526,1
527,1
528,1
529,1
530,1
531,1
532,1
533,1
534,1
535,1
536,1
537,1
538,1
539,1
540,1
541,1
542,1
543,1
544,1
545,1
546,1
547,1
548,1
549,1
550,1
551,1
552,1
553,1
554,1
555,1
556,1
557,1
558,1
559,1
560,1
561,1
562,1
563,1
564,1
565,1
566,1
567,1
568,1
569,1
570,1
571,1
572,1
573,1
574,1
575,1
576,1
577,1
578,1
579,1
580,1
581,1
582,1
583,1
584,1
585,1
586,1
587,1
588,1
589,1
590,1
591,1
592,1
593,1
594,1
595,1
596,1
597,1
598,1
599,1
600,1
601,1
602,1
603,1
604,1
605,1
606,1
607,1
608,1
609,1
610,1
611,1
612,1
613,1
614,1
615,1
616,1
617,1
618,1
619,1
620,1
621,1
622,1
623,1
624,1
625,1
626,1
627,1
628,1
629,1
630,1
631,1
632,1
633,1
634,1
635,1
636,1
637,1
638,1
639,1
640,1
641,1
642,1
643,1
644,1
645,1
646,1
647,1
648,1
649,1
650,1
651,1
652,1
653,1
654,1
655,1
656,1
657,1
658,1
659,1
660,1
661,1
662,1
663,1
664,1
665,1
666,1
667,1
668,1
669,1
670,1
671,1
672,1
673,1
674,1
675,1
676,1
677,1
678,1
679,1
680,1
681,1
682,1
683,1
684,1
685,1
686,1
687,1
688,1
689,1
690,1
691,1
692,1
693,1
694,1
695,1
696,1
697,1
698,1
699,1
700,1
701,1
702,1
703,1
704,1
705,1
706,1
707,1
708,1
709,1
710,1
711,1
712,1
713,1
714,1
715,1
716,1
717,1
718,1
719,1
720,1
721,1
722,1
723,1
724,1
725,1
726,1
727,1
728,1
729,1
730,1
731,1
732,1
733,1
734,1
735,1
736,1
737,1
738,1
739,1
740,1
741,1
742,1
743,1
744,1
745,1
746,1
747,1
748,1
749,1
750,1
751,1
752,1
753,1
754,1
755,1
756,1
757,1
758,1
759,1
760,1
761,1
762,1
763,1
764,1
765,1
766,1
767,1
768,1
769,1
770,1
771,1
772,1
773,1
774,1
775,1
776,1
777,1
778,1
779,1
780,1
781,1
782,1
783,1
784,1
785,1
786,1
787,1
788,1
789,1
790,1
791,1
792,1
793,1
794,1
795,1
796,1
797,1
798,1
799,1
800,1
801,1
802,1
803,1
804,1
805,1
806,1
807,1
808,1
809,1
810,1
811,1
812,1
813,1
814,1
815,1
816,1
817,1
818,1
819,1
820,1
821,1
822,1
823,1
824,1
825,1
826,1
827,1
828,2
829,2
830,2
831,2
832,2
833,2
834,2
835,2
836,2
837,2
838,2
839,2
840,2
841,2
842,2
843,2
844,2
845,2
846,2
847,2
848,2
849,2
850,2
851,2
852,2
853,2
854,2
855,2
856,2
857,2
858,2
859,2
860,2
861,2
862,2
863,2
864,2
865,2
866,2
867,2
868,2
869,2
870,2
871,2
872,2
873,2
874,2
875,2
876,2
877,2
878,2
879,2
880,2
881,2
882,2
883,2
884,2
885,2
886,2
887,2
888,2
889,2
890,2
891,2
892,2
893,2
894,2
895,2
896,2
897,2
898,2
899,2
900,2
901,2
902,2
903,2
904,2
905,2
906,2
907,2
908,2
909,2
910,2
911,2
912,2
913,2
914,2
915,2
916,2
917,2
918,2
919,2
920,2
921,2
922,2
923,2
924,2
925,2
926,2
927,2
928,2
929,2
930,2
931,2
932,2
933,2
934,2
935,2
936,2
937,2
938,2
939,2
940,2
941,2
942,2
943,2
944,2
945,2
946,2
947,2
948,2
949,2
950,2
951,2
952,2
953,2
954,2
955,2
956,2
957,2
958,2
959,2
960,2
961,2
962,2
963,2
964,2
965,2
966,2
967,2
968,2
969,2
970,2
971,2
972,2
973,2
974,2
975,2
976,2
977,2
978,2
979,2
980,2
981,2
982,2
983,2
984,2
985,2
986,2
987,2
988,2
989,2
990,2
991,2
992,2
993,2
994,2
995,2
996,2
997,2
998,2
999,2
1000,2
1001,2
1002,2
1003,2
1004,2
1005,2
1006,2
1007,2
1008,2
1009,2
1010,2
1011,2
1012,2
1013,2
1014,2
1015,2
1016,2
1017,2
1018,2
1019,2
1020,2
1021,2
1022,2
1023,2
1024,2
1025,2
1026,2
1027,2
1028,2
1029,2
1030,2
1031,2
1032,2
1033,2
1034,2
1035,2
1036,2
1037,2
1038,2
1039,2
1040,2
1041,2
1042,2
1043,2
1044,2
1045,2
1046,2
1047,2
1048,2
1049,2
1050,2
1051,2
1052,2
1053,2
1054,2
1055,2
1056,2
1057,2
1058,2
1059,2
1060,2
1061,2
1062,2
1063,2
1064,2
1065,2
1066,2
1067,2
1068,2
1069,2
1070,2
1071,2
1072,2
1073,2
1074,2
1075,2
1076,2
1077,2
1078,2
1079,2
1080,2
1081,2
1082,2
1083,2
1084,2
1085,2
1086,2
1087,2
1088,2
1089,2
1090,2
1091,2
1092,2
1093,2
1094,2
1095,2
1096,2
1097,2
1098,2
1099,2
1100,2
1101,2
1102,2
1103,2
1104,2
1105,2
1106,2
1107,2
1108,2
1109,2
1110,2
1111,2
1112,2
1113,2
1114,2
1115,2
1116,2
1117,2
1118,2
1119,2
1120,2
1121,2
1122,2
1123,2
1124,2
1125,2
1126,2
1127,2
1128,2
1129,2
1130,2
1131,2
1132,2
1133,2
1134,2
1135,2
1136,2
1137,2
1138,2
1139,2
1140,2
1141,2
1142,2
1143,2
1144,2
1145,2
1146,2
1147,2
1148,2
1149,2
1150,2
1151,2
1152,2
1153,2
1154,2
1155,2
1156,2
1157,2
1158,2
1159,2
1160,2
1161,2
1162,2
1163,2
1164,2
1165,2
1166,2
1167,2
1168,2
1169,2
1170,2
1171,2
1172,2
1173,2
1174,2
1175,2
1176,2
1177,2
1178,2
1179,2
1180,2
1181,2
1182,2
1183,2
1184,2
1185,2
1186,2
1187,2
1188,2
1189,2
1190,2
1191,2
1192,2
1193,2
1194,2
1195,2
1196,2
1197,2
1198,2
1199,2
1200,2
1201,2
1202,2
1203,2
1204,2
1205,2
1206,2
1207,2
1208,2
1209,2
1210,2
1211,2
1212,2
1213,2
1214,2
1215,2
1216,2
1217,2
1218,2
1219,2
1220,2
1221,2
1222,2
1223,2
1224,2
1225,2
1226,2
1227,2
1228,2
1229,2
1230,2
1231,2
1232,2
1233,2
1234,2
1235,2
1236,2
1237,2
1238,2
1239,2
1240,2
1241,2
1242,2
1243,2
1244,2
1245,2
1246,2
1247,2
1248,2
1249,2
1250,2
1251,2
1252,2
1253,2
1254,2
1255,2
1256,2
1257,2
1258,2
1259,2
1260,2
1261,2
1262,2
1263,2
1264,2
1265,2
1266,2
1267,2
1268,2
1269,2
1270,2
1271,2
1272,2
1273,2
1274,2
1275,2
1276,2
1277,2
1278,2
1279,2
1280,2
1281,2
1282,2
1283,2
1284,2
1285,2
1286,2
1287,2
1288,2
1289,2
1290,2
1291,2
1292,2
1293,2
1294,2
1295,2
1296,2
1297,2
1298,2
1299,2
1300,2
1301,2
1302,2
1303,2
1304,2
1305,2
1306,2
1307,2
1308,2
1309,2
1310,2
1311,2
1312,2
1313,2
1314,2
1315,2
1316,2
1317,2
1318,2
1319,2
1320,2
1321,2
1322,2
1323,2
1324,2
1325,2
1326,2
1327,3
1328,3
1329,3
1330,3
1331,3
1332,3
1333,3
1334,3
1335,3
1336,3
1337,3
1338,3
1339,3
1340,3
1341,3
1342,3
1343,3
1344,3
1345,3
1346,3
1347,3
1348,3
1349,3
1350,3
1351,3
1352,3
1353,3
1354,3
1355,3
1356,3
1357,3
1358,3
1359,3
1360,3
1361,3
1362,3
1363,3
1364,3
1365,3
1366,3
1367,3
1368,3
1369,3
1370,3
1371,3
1372,3
1373,3
1374,3
1375,3
1376,3
1377,3
1378,3
1379,3
1380,3
1381,3
1382,3
1383,3
1384,3
1385,3
1386,3
1387,3
1388,3
1389,3
1390,3
1391,3
1392,3
1393,3
1394,3
1395,3
1396,3
1397,3
1398,3
1399,3
1400,3
1401,3
1402,3
1403,3
1404,3
1405,3
1406,3
1407,3
1408,3
1409,3
1410,3
1411,3
1412,3
1413,3
1414,3
1415,3
1416,3
1417,3
1418,3
1419,3
1420,3
1421,3
1422,3
1423,3
1424,3
1425,3
1426,3
1427,3
1428,3
1429,3
1430,3
1431,3
1432,3
1433,3
1434,3
1435,3
1436,3
1437,3
1438,3
1439,3
1440,3
1441,3
1442,3
1443,3
1444,3
1445,3
1446,3
1447,3
1448,3
1449,3
1450,3
1451,3
1452,3
1453,3
1454,3
1455,3
1456,3
1457,3
1458,3
1459,3
1460,3
1461,3
1462,3
1463,3
1464,3
1465,3
1466,3
1467,3
1468,3
1469,3
1470,3
1471,3
1472,3
1473,3
1474,3
1475,3
1476,3
1477,3
1478,3
1479,3
1480,3
1481,3
1482,3
1483,3
1484,3
1485,3
1486,3
1487,3
1488,3
1489,3
1490,3
1491,3
1492,3
1493,3
1494,3
1495,3
1496,3
1497,3
1498,3
1499,3
1500,3
1501,3
1502,3
1503,3
1504,3
1505,3
1506,3
1507,3
1508,3
1509,3
1510,3
1511,3
1512,3
1513,3
1514,3
1515,3
1516,3
1517,3
1518,3
1519,3
1520,3
1521,3
1522,3
1523,3
1524,3
1525,3
1526,3
1527,3
1528,3
1529,3
1530,3
1531,3
1532,3
1533,3
1534,3
1535,3
1536,3
1537,3
1538,3
1539,3
1540,3
1541,3
1542,3
1543,3
1544,3
1545,3
1546,3
1547,3
1548,3
1549,3
1550,3
1551,3
1552,3
1553,3
1554,3
1555,3
1556,3
1557,3
1558,3
1559,3
1560,3
1561,3
1562,3
1563,3
1564,3
1565,3
1566,3
1567,3
1568,3
1569,3
1570,3
1571,3
1572,3
1573,3
1574,3
1575,3
1576,3
1577,3
1578,3
1579,3
1580,3
1581,3
1582,3
1583,3
1584,3
1585,3
1586,3
1587,3
1588,3
1589,3
1590,3
1591,3
1592,3
1593,3
1594,3
1595,3
1596,3
1597,3
1598,3
1599,3
1600,3
1601,3
1602,3
1603,3
1604,3
1605,3
1606,3
1607,3
1608,3
1609,3
1610,3
1611,3
1612,3
1613,3
1614,3
1615,3
1616,3
1617,3
1618,3
1619,3
1620,3
1621,3
1622,3
1623,3
1624,3
1625,3
1626,3
1627,3
1628,3
1629,3
1630,3
1631,3
1632,3
1633,3
1634,3
1635,3
1636,3
1637,3
1638,3
1639,3
1640,3
1641,3
1642,3
1643,3
1644,3
1645,3
1646,3
1647,3
1648,3
1649,3
1650,3
1651,3
1652,3
1653,3
1654,3
1655,3
1656,3
1657,3
1658,3
1659,3
1660,3
1661,3
1662,3
1663,3
1664,3
1665,3
1666,3
1667,3
1668,3
1669,3
1670,3
1671,3
1672,3
1673,3
1674,3
1675,3
1676,3
1677,3
1678,3
1679,3
1680,3
1681,3
1682,3
1683,3
1684,3
1685,3
1686,3
1687,3
1688,3
1689,3
1690,3
1691,3
1692,3
1693,3
1694,3
1695,3
1696,3
1697,3
1698,3
1699,3
1700,3
1701,3
1702,3
1703,3
1704,3
1705,3
1706,3
1707,3
1708,3
1709,3
1710,3
1711,3
1712,3
1713,3
1714,3
1715,3
1716,3
1717,3
1718,3
1719,3
1720,3
1721,3
1722,3
1723,3
1724,3
1725,3
1726,3
1727,3
1728,3
1729,3
1730,3
1731,3
1732,3
1733,3
1734,3
1735,3
1736,3
1737,3
1738,3
1739,3
1740,3
1741,3
1742,3
1743,3
1744,3
1745,3
1746,3
1747,3
1748,3
1749,3
1750,3
1751,3
1752,3
1753,3
1754,3
1755,3
1756,3
1757,3
1758,3
1759,3
1760,3
1761,3
1762,3
1763,3
1764,3
1765,3
1766,3
1767,3
1768,3
1769,3
1770,3
1771,3
1772,3
1773,3
1774,3
1775,3
1776,3
1777,3
1778,3
1779,3
1780,3
1781,3
1782,3
1783,3
1784,3
1785,3
1786,3
1787,3
1788,3
1789,3
1790,3
1791,4
1792,4
1793,4
1794,4
1795,4
1796,4
1797,4
1798,4
1799,4
1800,4
1801,4
1802,4
1803,4
1804,4
1805,4
1806,4
1807,4
1808,4
1809,4
1810,4
1811,4
1812,4
1813,4
1814,4
1815,4
1816,4
1817,4
1818,4
1819,4
1820,4
1821,4
1822,4
1823,4
1824,4
1825,4
1826,4
1827,4
1828,4
1829,4
1830,4
1831,4
1832,4
1833,4
1834,4
1835,4
1836,4
1837,4
1838,4
1839,4
1840,4
1841,4
1842,4
1843,4
1844,4
1845,4
1846,4
1847,4
1848,4
1849,4
1850,4
1851,4
1852,4
1853,4
1854,4
1855,4
1856,4
1857,4
1858,4
1859,4
1860,4
1861,4
1862,4
1863,4
1864,4
1865,4
1866,4
1867,4
1868,4
1869,4
1870,4
1871,4
1872,4
1873,4
1874,4
1875,4
1876,4
1877,4
1878,4
1879,4
1880,4
1881,4
1882,4
1883,4
1884,4
1885,4
1886,4
1887,4
1888,4
1889,4
1890,4
1891,4
1892,4
1893,4
1894,4
1895,4
1896,4
1897,4
1898,4
1899,4
1900,4
1901,4
1902,4
1903,4
1904,4
1905,4
1906,4
1907,4
1908,4
1909,4
1910,4
1911,4
1912,4
1913,4
1914,4
1915,4
1916,4
1917,4
1918,4
1919,4
1920,4
1921,4
1922,4
1923,4
1924,4
1925,4
1926,4
1927,4
1928,4
1929,4
1930,4
1931,4
1932,4
1933,4
1934,4
1935,4
1936,4
1937,4
1938,4
1939,4
1940,4
1941,4
1942,4
1943,4
1944,4
1945,4
1946,4
1947,4
1948,4
1949,4
1950,4
1951,4
1952,4
1953,4
1954,4
1955,4
1956,4
1957,4
1958,4
1959,4
1960,4
1961,4
1962,4
1963,4
1964,4
1965,4
1966,4
1967,4
1968,4
1969,4
1970,4
1971,4
1972,4
1973,4
1974,4
1975,4
1976,4
1977,4
1978,4
1979,4
1980,4
1981,4
1982,4
1983,4
1984,4
1985,4
1986,4
1987,4
1988,4
1989,4
1990,4
1991,4
1992,4
1993,4
1994,4
1995,4
1996,4
1997,4
1998,4
1999,4
2000,4
2001,4
2002,4
2003,4
2004,4
2005,4
2006,4
2007,4
2008,4
2009,4
2010,4
2011,4
2012,4
2013,4
2014,4
2015,4
2016,4
2017,4
2018,4
2019,4
2020,4
2021,4
2022,4
2023,4
2024,4
2025,4
2026,4
2027,4
2028,4
2029,4
2030,4
2031,4
2032,4
2033,4
2034,4
2035,4
2036,4
2037,4
2038,4
2039,4
2040,4
2041,4
2042,4
2043,4
2044,4
2045,4
2046,4
2047,4
2048,4
2049,4
2050,4
2051,4
2052,4
2053,4
2054,4
2055,4
2056,4
2057,4
2058,4
2059,4
2060,4
2061,4
2062,4
2063,4
2064,4
2065,4
2066,4
2067,4
2068,4
2069,4
2070,4
2071,4
2072,4
2073,4
2074,4
2075,4
2076,4
2077,4
2078,4
2079,4
2080,4
2081,4
2082,4
2083,4
2084,4
2085,4
2086,4
2087,4
2088,4
2089,4
2090,4
2091,4
2092,4
2093,4
2094,4
2095,4
2096,4
2097,4
2098,4
2099,4
2100,4
2101,4
2102,4
2103,4
2104,4
2105,4
2106,4
2107,4
2108,4
2109,4
2110,4
2111,4
2112,4
2113,4
2114,4
2115,4
2116,4
2117,4
2118,4
2119,4
2120,4
2121,4
2122,4
2123,4
2124,4
2125,4
2126,4
2127,4
2128,4
2129,4
2130,4
2131,4
2132,4
2133,4
2134,4
2135,4
2136,4
2137,4
2138,4
2139,4
2140,4
2141,4
2142,4
2143,4
2144,4
2145,4
2146,4
2147,4
2148,4
2149,4
2150,4
2151,4
2152,4
2153,4
2154,4
2155,4
2156,4
2157,4
2158,4
2159,4
2160,4
2161,4
2162,4
2163,4
2164,4
2165,4
2166,4
2167,4
2168,4
2169,4
2170,4
2171,4
2172,4
2173,4
2174,4
2175,4
2176,4
2177,4
2178,4
2179,4
2180,4
2181,4
2182,4
2183,4
2184,4
2185,4
2186,4
2187,4
2188,4
2189,4
2190,4
2191,4
2192,4
2193,4
2194,4
2195,4
2196,4
2197,4
2198,4
2199,4
2200,4
2201,4
2202,4
2203,4
2204,4
2205,4
2206,4
2207,4
2208,4
2209,4
2210,4
2211,4
2212,4
2213,4
2214,4
2215,4
2216,4
2217,4
2218,4
2219,4
2220,4
2221,4
2222,4
2223,4
2224,4
2225,5
2226,5
2227,5
2228,5
2229,5
2230,5
2231,5
2232,5
2233,5
2234,5
2235,5
2236,5
2237,5
2238,5
2239,5
2240,5
2241,5
2242,5
2243,5
2244,5
2245,5
2246,5
2247,5
2248,5
2249,5
2250,5
2251,5
2252,5
2253,5
2254,5
2255,5
2256,5
2257,5
2258,5
2259,5
2260,5
2261,5
2262,5
2263,5
2264,5
2265,5
2266,5
2267,5
2268,5
2269,5
2270,5
2271,5
2272,5
2273,5
2274,5
2275,5
2276,5
2277,5
2278,5
2279,5
2280,5
2281,5
2282,5
2283,5
2284,5
2285,5
2286,5
2287,5
2288,5
2289,5
2290,5
2291,5
2292,5
2293,5
2294,5
2295,5
2296,5
2297,5
2298,5
2299,5
2300,5
2301,5
2302,5
2303,5
2304,5
2305,5
2306,5
2307,5
2308,5
2309,5
2310,5
2311,5
2312,5
2313,5
2314,5
2315,5
2316,5
2317,5
2318,5
2319,5
2320,5
2321,5
2322,5
2323,5
2324,5
2325,5
2326,5
2327,5
2328,5
2329,5
2330,5
2331,5
2332,5
2333,5
2334,5
2335,5
2336,5
2337,5
2338,5
2339,5
2340,5
2341,5
2342,5
2343,5
2344,5
2345,5
2346,5
2347,5
2348,5
2349,5
2350,5
2351,5
2352,5
2353,5
2354,5
2355,5
2356,5
2357,5
2358,5
2359,5
2360,5
2361,5
2362,5
2363,5
2364,5
2365,5
2366,5
2367,5
2368,5
2369,5
2370,5
2371,5
2372,5
2373,5
2374,5
2375,5
2376,5
2377,5
2378,5
2379,5
2380,5
2381,5
2382,5
2383,5
2384,5
2385,5
2386,5
2387,5
2388,5
2389,5
2390,5
2391,5
2392,5
2393,5
2394,5
2395,5
2396,5
2397,5
2398,5
2399,5
2400,5
2401,5
2402,5
2403,5
2404,5
2405,5
2406,5
2407,5
2408,5
2409,5
2410,5
2411,5
2412,5
2413,5
2414,5
2415,5
2416,5
2417,5
2418,5
2419,5
2420,5
2421,5
2422,5
2423,5
2424,5
2425,5
2426,5
2427,5
2428,5
2429,5
2430,5
2431,5
2432,5
2433,5
2434,5
2435,5
2436,5
2437,5
2438,5
2439,5
2440,5
2441,5
2442,5
2443,5
2444,5
2445,5
2446,5
2447,5
2448,5
2449,5
2450,5
2451,5
2452,5
2453,5
2454,5
2455,5
2456,5
2457,5
2458,5
2459,5
2460,5
2461,5
2462,5
2463,5
2464,5
2465,5
2466,5
2467,5
2468,5
2469,5
2470,5
2471,5
2472,5
2473,5
2474,5
2475,5
2476,5
2477,5
2478,5
2479,5
2480,5
2481,5
2482,5
2483,5
2484,5
2485,5
2486,5
2487,5
2488,5
2489,5
2490,5
2491,5
2492,5
2493,5
2494,5
2495,5
2496,5
2497,5
2498,5
2499,5
2500,5
2501,5
2502,5
2503,5
2504,5
2505,5
2506,5
2507,5
2508,5
2509,5
2510,5
2511,5
2512,5
2513,5
2514,5
2515,5
2516,5
2517,5
2518,5
2519,5
2520,5
2521,5
2522,5
2523,5
2524,5
2525,5
2526,5
2527,5
2528,5
2529,5
2530,5
2531,5
2532,5
2533,5
2534,5
2535,5
2536,5
2537,5
2538,5
2539,5
2540,5
2541,5
2542,5
2543,5
2544,5
2545,5
2546,5
2547,5
2548,5
2549,5
2550,5
2551,5
2552,5
2553,5
2554,5
2555,5
2556,5
2557,5
2558,5
2559,5
2560,5
2561,5
2562,5
2563,5
2564,5
2565,5
2566,5
2567,5
2568,5
2569,5
2570,5
2571,5
2572,5
2573,5
2574,5
2575,5
2576,5
2577,5
2578,5
2579,5
2580,5
2581,5
2582,5
2583,5
2584,5
2585,5
2586,5
2587,5
2588,5
2589,5
2590,5
2591,5
2592,5
2593,5
2594,5
2595,5
2596,5
2597,5
2598,5
2599,5
2600,5
2601,5
2602,5
2603,5
2604,5
2605,5
2606,5
2607,5
2608,5
2609,5
2610,5
2611,5
2612,5
2613,5
2614,5
2615,5
2616,5
2617,5
2618,5
2619,5
2620,5
2621,5
2622,5
2623,5
2624,5
2625,5
2626,5
2627,5
2628,5
2629,5
2630,6
2631,6
2632,6
2633,6
2634,6
2635,6
2636,6
2637,6
2638,6
2639,6
2640,6
2641,6
2642,6
2643,6
2644,6
2645,6
2646,6
2647,6
2648,6
2649,6
2650,6
2651,6
2652,6
2653,6
2654,6
2655,6
2656,6
2657,6
2658,6
2659,6
2660,6
2661,6
2662,6
2663,6
2664,6
2665,6
2666,6
2667,6
2668,6
2669,6
2670,6
2671,6
2672,6
2673,6
2674,6
2675,6
2676,6
2677,6
2678,6
2679,6
2680,6
2681,6
2682,6
2683,6
2684,6
2685,6
2686,6
2687,6
2688,6
2689,6
2690,6
2691,6
2692,6
2693,6
2694,6
2695,6
2696,6
2697,6
2698,6
2699,6
2700,6
2701,6
2702,6
2703,6
2704,6
2705,6
2706,6
2707,6
2708,6
2709,6
2710,6
2711,6
2712,6
2713,6
2714,6
2715,6
2716,6
2717,6
2718,6
2719,6
2720,6
2721,6
2722,6
2723,6
2724,6
2725,6
2726,6
2727,6
2728,6
2729,6
2730,6
2731,6
2732,6
2733,6
2734,6
2735,6
2736,6
2737,6
2738,6
2739,6
2740,6
2741,6
2742,6
2743,6
2744,6
2745,6
2746,6
2747,6
2748,6
2749,6
2750,6
2751,6
2752,6
2753,6
2754,6
2755,6
2756,6
2757,6
2758,6
2759,6
2760,6
2761,6
2762,6
2763,6
2764,6
2765,6
2766,6
2767,6
2768,6
2769,6
2770,6
2771,6
2772,6
2773,6
2774,6
2775,6
2776,6
2777,6
2778,6
2779,6
2780,6
2781,6
2782,6
2783,6
2784,6
2785,6
2786,6
2787,6
2788,6
2789,6
2790,6
2791,6
2792,6
2793,6
2794,6
2795,6
2796,6
2797,6
2798,6
2799,6
2800,6
2801,6
2802,6
2803,6
2804,6
2805,6
2806,6
2807,6
2808,6
2809,6
2810,6
2811,6
2812,6
2813,6
2814,6
2815,6
2816,6
2817,6
2818,6
2819,6
2820,6
2821,6
2822,6
2823,6
2824,6
2825,6
2826,6
2827,6
2828,6
2829,6
2830,6
2831,6
2832,6
2833,6
2834,6
2835,6
2836,6
2837,6
2838,6
2839,6
2840,6
2841,6
2842,6
2843,6
2844,6
2845,6
2846,6
2847,6
2848,6
2849,6
2850,6
2851,6
2852,6
2853,6
2854,6
2855,6
2856,6
2857,6
2858,6
2859,6
2860,6
2861,6
2862,6
2863,6
2864,6
2865,6
2866,6
2867,6
2868,6
2869,6
2870,6
2871,6
2872,6
2873,6
2874,6
2875,6
2876,6
2877,6
2878,6
2879,6
2880,6
2881,6
2882,6
2883,6
2884,6
2885,6
2886,6
2887,6
2888,6
2889,6
2890,6
2891,6
2892,6
2893,6
2894,6
2895,6
2896,6
2897,6
2898,6
2899,6
2900,6
2901,6
2902,6
2903,6
2904,6
2905,6
2906,6
2907,6
2908,6
2909,6
2910,6
2911,6
2912,6
2913,6
2914,6
2915,6
2916,6
2917,6
2918,6
2919,6
2920,6
2921,6
2922,6
2923,6
2924,6
2925,6
2926,6
2927,6
2928,6
2929,6
2930,6
2931,6
2932,6
2933,6
2934,6
2935,6
2936,6
2937,6
2938,6
2939,6
2940,6
2941,6
2942,6
2943,6
2944,6
2945,6
2946,6
2947,6
2948,6
2949,6
2950,6
2951,6
2952,6
2953,6
2954,6
2955,6
2956,6
2957,6
2958,6
2959,6
2960,6
2961,6
2962,6
2963,6
2964,6
2965,6
2966,6
2967,6
2968,6
2969,6
2970,6
2971,6
2972,6
2973,6
2974,6
2975,6
2976,6
2977,6
2978,6
2979,6
2980,6
2981,6
2982,6
2983,6
2984,6
2985,6
2986,6
2987,6
2988,6
2989,6
2990,6
2991,6
2992,6
2993,6
2994,6
2995,6
2996,6
2997,6
2998,6
2999,6
3000,6
3001,6
3002,6
3003,6
3004,6
3005,6
3006,6
3007,6
3008,6
3009,6
3010,7
3011,7
3012,7
3013,7
3014,7
3015,7
3016,7
3017,7
3018,7
3019,7
3020,7
3021,7
3022,7
3023,7
3024,7
3025,7
3026,7
3027,7
3028,7
3029,7
3030,7
3031,7
3032,7
3033,7
3034,7
3035,7
3036,7
3037,7
3038,7
3039,7
3040,7
3041,7
3042,7
3043,7
3044,7
3045,7
3046,7
3047,7
3048,7
3049,7
3050,7
3051,7
3052,7
3053,7
3054,7
3055,7
3056,7
3057,7
3058,7
3059,7
3060,7
3061,7
3062,7
3063,7
3064,7
3065,7
3066,7
3067,7
3068,7
3069,7
3070,7
3071,7
3072,7
3073,7
3074,7
3075,7
3076,7
3077,7
3078,7
3079,7
3080,7
3081,7
3082,7
3083,7
3084,7
3085,7
3086,7
3087,7
3088,7
3089,7
3090,7
3091,7
3092,7
3093,7
3094,7
3095,7
3096,7
3097,7
3098,7
3099,7
3100,7
3101,7
3102,7
3103,7
3104,7
3105,7
3106,7
3107,7
3108,7
3109,7
3110,7
3111,7
3112,7
3113,7
3114,7
3115,7
3116,7
3117,7
3118,7
3119,7
3120,7
3121,7
3122,7
3123,7
3124,7
3125,7
3126,7
3127,7
3128,7
3129,7
3130,7
3131,7
3132,7
3133,7
3134,7
3135,7
3136,7
3137,7
3138,7
3139,7
3140,7
3141,7
3142,7
3143,7
3144,7
3145,7
3146,7
3147,7
3148,7
3149,7
3150,7
3151,7
3152,7
3153,7
3154,7
3155,7
3156,7
3157,7
3158,7
3159,7
3160,7
3161,7
3162,7
3163,7
3164,7
3165,7
3166,7
3167,7
3168,7
3169,7
3170,7
3171,7
3172,7
3173,7
3174,7
3175,7
3176,7
3177,7
3178,7
3179,7
3180,7
3181,7
3182,7
3183,7
3184,7
3185,7
3186,7
3187,7
3188,7
3189,7
3190,7
3191,7
3192,7
3193,7
3194,7
3195,7
3196,7
3197,7
3198,7
3199,7
3200,7
3201,7
3202,7
3203,7
3204,7
3205,7
3206,7
3207,7
3208,7
3209,7
3210,7
3211,7
3212,7
3213,7
3214,7
3215,7
3216,7
3217,7
3218,7
3219,7
3220,7
3221,7
3222,7
3223,7
3224,7
3225,7
3226,7
3227,7
3228,7
3229,7
3230,7
3231,7
3232,7
3233,7
3234,7
3235,7
3236,7
3237,7
3238,7
3239,7
3240,7
3241,7
3242,7
3243,7
3244,7
3245,7
3246,7
3247,7
3248,7
3249,7
3250,7
3251,7
3252,7
3253,7
3254,7
3255,7
3256,7
3257,7
3258,7
3259,7
3260,7
3261,7
3262,7
3263,7
3264,7
3265,7
3266,7
3267,7
3268,7
3269,7
3270,7
3271,7
3272,7
3273,7
3274,7
3275,7
3276,7
3277,7
3278,7
3279,7
3280,7
3281,7
3282,7
3283,7
3284,7
3285,7
3286,7
3287,7
3288,7
3289,7
3290,7
3291,7
3292,7
3293,7
3294,7
3295,7
3296,7
3297,7
3298,7
3299,7
3300,7
3301,7
3302,7
3303,7
3304,7
3305,7
3306,7
3307,7
3308,7
3309,7
3310,7
3311,7
3312,7
3313,7
3314,7
3315,7
3316,7
3317,7
3318,7
3319,7
3320,7
3321,7
3322,7
3323,7
3324,7
3325,7
3326,7
3327,7
3328,7
3329,7
3330,7
3331,7
3332,7
3333,7
3334,7
3335,7
3336,7
3337,7
3338,7
3339,7
3340,7
3341,7
3342,7
3343,7
3344,7
3345,7
3346,7
3347,7
3348,7
3349,7
3350,7
3351,7
3352,7
3353,7
3354,7
3355,7
3356,7
3357,7
3358,7
3359,7
3360,7
3361,7
3362,7
3363,7
3364,7
3365,7
3366,8
3367,8
3368,8
3369,8
3370,8
3371,8
3372,8
3373,8
3374,8
3375,8
3376,8
3377,8
3378,8
3379,8
3380,8
3381,8
3382,8
3383,8
3384,8
3385,8
3386,8
3387,8
3388,8
3389,8
3390,8
3391,8
3392,8
3393,8
3394,8
3395,8
3396,8
3397,8
3398,8
3399,8
3400,8
3401,8
3402,8
3403,8
3404,8
3405,8
3406,8
3407,8
3408,8
3409,8
3410,8
3411,8
3412,8
3413,8
3414,8
3415,8
3416,8
3417,8
3418,8
3419,8
3420,8
3421,8
3422,8
3423,8
3424,8
3425,8
3426,8
3427,8
3428,8
3429,8
3430,8
3431,8
3432,8
3433,8
3434,8
3435,8
3436,8
3437,8
3438,8
3439,8
3440,8
3441,8
3442,8
3443,8
3444,8
3445,8
3446,8
3447,8
3448,8
3449,8
3450,8
3451,8
3452,8
3453,8
3454,8
3455,8
3456,8
3457,8
3458,8
3459,8
3460,8
3461,8
3462,8
3463,8
3464,8
3465,8
3466,8
3467,8
3468,8
3469,8
3470,8
3471,8
3472,8
3473,8
3474,8
3475,8
3476,8
3477,8
3478,8
3479,8
3480,8
3481,8
3482,8
3483,8
3484,8
3485,8
3486,8
3487,8
3488,8
3489,8
3490,8
3491,8
3492,8
3493,8
3494,8
3495,8
3496,8
3497,8
3498,8
3499,8
3500,8
3501,8
3502,8
3503,8
3504,8
3505,8
3506,8
3507,8
3508,8
3509,8
3510,8
3511,8
3512,8
3513,8
3514,8
3515,8
3516,8
3517,8
3518,8
3519,8
3520,8
3521,8
3522,8
3523,8
3524,8
3525,8
3526,8
3527,8
3528,8
3529,8
3530,8
3531,8
3532,8
3533,8
3534,8
3535,8
3536,8
3537,8
3538,8
3539,8
3540,8
3541,8
3542,8
3543,8
3544,8
3545,8
3546,8
3547,8
3548,8
3549,8
3550,8
3551,8
3552,8
3553,8
3554,8
3555,8
3556,8
3557,8
3558,8
3559,8
3560,8
3561,8
3562,8
3563,8
3564,8
3565,8
3566,8
3567,8
3568,8
3569,8
3570,8
3571,8
3572,8
3573,8
3574,8
3575,8
3576,8
3577,8
3578,8
3579,8
3580,8
3581,8
3582,8
3583,8
3584,8
3585,8
3586,8
3587,8
3588,8
3589,8
3590,8
3591,8
3592,8
3593,8
3594,8
3595,8
3596,8
3597,8
3598,8
3599,8
3600,8
3601,8
3602,8
3603,8
3604,8
3605,8
3606,8
3607,8
3608,8
3609,8
3610,8
3611,8
3612,8
3613,8
3614,8
3615,8
3616,8
3617,8
3618,8
3619,8
3620,8
3621,8
3622,8
3623,8
3624,8
3625,8
3626,8
3627,8
3628,8
3629,8
3630,8
3631,8
3632,8
3633,8
3634,8
3635,8
3636,8
3637,8
3638,8
3639,8
3640,8
3641,8
3642,8
3643,8
3644,8
3645,8
3646,8
3647,8
3648,8
3649,8
3650,8
3651,8
3652,8
3653,8
3654,8
3655,8
3656,8
3657,8
3658,8
3659,8
3660,8
3661,8
3662,8
3663,8
3664,8
3665,8
3666,8
3667,8
3668,8
3669,8
3670,8
3671,8
3672,8
3673,8
3674,8
3675,8
3676,8
3677,8
3678,8
3679,8
3680,8
3681,8
3682,8
3683,8
3684,8
3685,8
3686,8
3687,8
3688,8
3689,8
3690,8
3691,8
3692,8
3693,8
3694,8
3695,8
3696,8
3697,8
3698,8
3699,8
3700,8
3701,8
3702,9
3703,9
3704,9
3705,9
3706,9
3707,9
3708,9
3709,9
3710,9
3711,9
3712,9
3713,9
3714,9
3715,9
3716,9
3717,9
3718,9
3719,9
3720,9
3721,9
3722,9
3723,9
3724,9
3725,9
3726,9
3727,9
3728,9
3729,9
3730,9
3731,9
3732,9
3733,9
3734,9
3735,9
3736,9
3737,9
3738,9
3739,9
3740,9
3741,9
3742,9
3743,9
3744,9
3745,9
3746,9
3747,9
3748,9
3749,9
3750,9
3751,9
3752,9
3753,9
3754,9
3755,9
3756,9
3757,9
3758,9
3759,9
3760,9
3761,9
3762,9
3763,9
3764,9
3765,9
3766,9
3767,9
3768,9
3769,9
3770,9
3771,9
3772,9
3773,9
3774,9
3775,9
3776,9
3777,9
3778,9
3779,9
3780,9
3781,9
3782,9
3783,9
3784,9
3785,9
3786,9
3787,9
3788,9
3789,9
3790,9
3791,9
3792,9
3793,9
3794,9
3795,9
3796,9
3797,9
3798,9
3799,9
3800,9
3801,9
3802,9
3803,9
3804,9
3805,9
3806,9
3807,9
3808,9
3809,9
3810,9
3811,9
3812,9
3813,9
3814,9
3815,9
3816,9
3817,9
3818,9
3819,9
3820,9
3821,9
3822,9
3823,9
3824,9
3825,9
3826,9
3827,9
3828,9
3829,9
3830,9
3831,9
3832,9
3833,9
3834,9
3835,9
3836,9
3837,9
3838,9
3839,9
3840,9
3841,9
3842,9
3843,9
3844,9
3845,9
3846,9
3847,9
3848,9
3849,9
3850,9
3851,9
3852,9
3853,9
3854,9
3855,9
3856,9
3857,9
3858,9
3859,9
3860,9
3861,9
3862,9
3863,9
3864,9
3865,9
3866,9
3867,9
3868,9
3869,9
3870,9
3871,9
3872,9
3873,9
3874,9
3875,9
3876,9
3877,9
3878,9
3879,9
3880,9
3881,9
3882,9
3883,9
3884,9
3885,9
3886,9
3887,9
3888,9
3889,9
3890,9
3891,9
3892,9
3893,9
3894,9
3895,9
3896,9
3897,9
3898,9
3899,9
3900,9
3901,9
3902,9
3903,9
3904,9
3905,9
3906,9
3907,9
3908,9
3909,9
3910,9
3911,9
3912,9
3913,9
3914,9
3915,9
3916,9
3917,9
3918,9
3919,9
3920,9
3921,9
3922,9
3923,9
3924,9
3925,9
3926,9
3927,9
3928,9
3929,9
3930,9
3931,9
3932,9
3933,9
3934,9
3935,9
3936,9
3937,9
3938,9
3939,9
3940,9
3941,9
3942,9
3943,9
3944,9
3945,9
3946,9
3947,9
3948,9
3949,9
3950,9
3951,9
3952,9
3953,9
3954,9
3955,9
3956,9
3957,9
3958,9
3959,9
3960,9
3961,9
3962,9
3963,9
3964,9
3965,9
3966,9
3967,9
3968,9
3969,9
3970,9
3971,9
3972,9
3973,9
3974,9
3975,9
3976,9
3977,9
3978,9
3979,9
3980,9
3981,9
3982,9
3983,9
3984,9
3985,9
3986,9
3987,9
3988,9
3989,9
3990,9
3991,9
3992,9
3993,9
3994,9
3995,9
3996,9
3997,9
3998,9
3999,9
4000,9
4001,9
4002,9
4003,9
4004,9
4005,9
4006,9
4007,9
4008,9
4009,9
4010,9
4011,9
4012,9
4013,9
4014,9
4015,9
4016,9
4017,9
4018,10
4019,10
4020,10
4021,10
4022,10
4023,10
4024,10
4025,10
4026,10
4027,10
4028,10
4029,10
4030,10
4031,10
4032,10
4033,10
4034,10
4035,10
4036,10
4037,10
4038,10
4039,10
4040,10
4041,10
4042,10
4043,10
4044,10
4045,10
4046,10
4047,10
4048,10
4049,10
4050,10
4051,10
4052,10
4053,10
4054,10
4055,10
4056,10
4057,10
4058,10
4059,10
4060,10
4061,10
4062,10
4063,10
4064,10
4065,10
4066,10
4067,10
4068,10
4069,10
4070,10
4071,10
4072,10
4073,10
4074,10
4075,10
4076,10
4077,10
4078,10
4079,10
4080,10
4081,10
4082,10
4083,10
4084,10
4085,10
4086,10
4087,10
4088,10
4089,10
4090,10
4091,10
4092,10
4093,10
4094,10
4095,10
4096,10
4097,10
4098,10
4099,10
4100,10
4101,10
4102,10
4103,10
4104,10
4105,10
4106,10
4107,10
4108,10
4109,10
4110,10
4111,10
4112,10
4113,10
4114,10
4115,10
4116,10
4117,10
4118,10
4119,10
4120,10
4121,10
4122,10
4123,10
4124,10
4125,10
4126,10
4127,10
4128,10
4129,10
4130,10
4131,10
4132,10
4133,10
4134,10
4135,10
4136,10
4137,10
4138,10
4139,10
4140,10
4141,10
4142,10
4143,10
4144,10
4145,10
4146,10
4147,10
4148,10
4149,10
4150,10
4151,10
4152,10
4153,10
4154,10
4155,10
4156,10
4157,10
4158,10
4159,10
4160,10
4161,10
4162,10
4163,10
4164,10
4165,10
4166,10
4167,10
4168,10
4169,10
4170,10
4171,10
4172,10
4173,10
4174,10
4175,10
4176,10
4177,10
4178,10
4179,10
4180,10
4181,10
4182,10
4183,10
4184,10
4185,10
4186,10
4187,10
4188,10
4189,10
4190,10
4191,10
4192,10
4193,10
4194,10
4195,10
4196,10
4197,10
4198,10
4199,10
4200,10
4201,10
4202,10
4203,10
4204,10
4205,10
4206,10
4207,10
4208,10
4209,10
4210,10
4211,10
4212,10
4213,10
4214,10
4215,10
4216,10
4217,10
4218,10
4219,10
4220,10
4221,10
4222,10
4223,10
4224,10
4225,10
4226,10
4227,10
4228,10
4229,10
4230,10
4231,10
4232,10
4233,10
4234,10
4235,10
4236,10
4237,10
4238,10
4239,10
4240,10
4241,10
4242,10
4243,10
4244,10
4245,10
4246,10
4247,10
4248,10
4249,10
4250,10
4251,10
4252,10
4253,10
4254,10
4255,10
4256,10
4257,10
4258,10
4259,10
4260,10
4261,10
4262,10
4263,10
4264,10
4265,10
4266,10
4267,10
4268,10
4269,10
4270,10
4271,10
4272,10
4273,10
4274,10
4275,10
4276,10
4277,10
4278,10
4279,10
4280,10
4281,10
4282,10
4283,10
4284,10
4285,10
4286,10
4287,10
4288,10
4289,10
4290,10
4291,10
4292,10
4293,10
4294,10
4295,10
4296,10
4297,10
4298,10
4299,10
4300,10
4301,10
4302,10
4303,10
4304,10
4305,10
4306,10
4307,10
4308,10
4309,10
4310,10
4311,10
4312,10
4313,10
4314,10
4315,10
4316,10
4317,11
4318,11
4319,11
4320,11
4321,11
4322,11
4323,11
4324,11
4325,11
4326,11
4327,11
4328,11
4329,11
4330,11
4331,11
4332,11
4333,11
4334,11
4335,11
4336,11
4337,11
4338,11
4339,11
4340,11
4341,11
4342,11
4343,11
4344,11
4345,11
4346,11
4347,11
4348,11
4349,11
4350,11
4351,11
4352,11
4353,11
4354,11
4355,11
4356,11
4357,11
4358,11
4359,11
4360,11
4361,11
4362,11
4363,11
4364,11
4365,11
4366,11
4367,11
4368,11
4369,11
4370,11
4371,11
4372,11
4373,11
4374,11
4375,11
4376,11
4377,11
4378,11
4379,11
4380,11
4381,11
4382,11
4383,11
4384,11
4385,11
4386,11
4387,11
4388,11
4389,11
4390,11
4391,11
4392,11
4393,11
4394,11
4395,11
4396,11
4397,11
4398,11
4399,11
4400,11
4401,11
4402,11
4403,11
4404,11
4405,11
4406,11
4407,11
4408,11
4409,11
4410,11
4411,11
4412,11
4413,11
4414,11
4415,11
4416,11
4417,11
4418,11
4419,11
4420,11
4421,11
4422,11
4423,11
4424,11
4425,11
4426,11
4427,11
4428,11
4429,11
4430,11
4431,11
4432,11
4433,11
4434,11
4435,11
4436,11
4437,11
4438,11
4439,11
4440,11
4441,11
4442,11
4443,11
4444,11
4445,11
4446,11
4447,11
4448,11
4449,11
4450,11
4451,11
4452,11
4453,11
4454,11
4455,11
4456,11
4457,11
4458,11
4459,11
4460,11
4461,11
4462,11
4463,11
4464,11
4465,11
4466,11
4467,11
4468,11
4469,11
4470,11
4471,11
4472,11
4473,11
4474,11
4475,11
4476,11
4477,11
4478,11
4479,11
4480,11
4481,11
4482,11
4483,11
4484,11
4485,11
4486,11
4487,11
4488,11
4489,11
4490,11
4491,11
4492,11
4493,11
4494,11
4495,11
4496,11
4497,11
4498,11
4499,11
4500,11
4501,11
4502,11
4503,11
4504,11
4505,11
4506,11
4507,11
4508,11
4509,11
4510,11
4511,11
4512,11
4513,11
4514,11
4515,11
4516,11
4517,11
4518,11
4519,11
4520,11
4521,11
4522,11
4523,11
4524,11
4525,11
4526,11
4527,11
4528,11
4529,11
4530,11
4531,11
4532,11
4533,11
4534,11
4535,11
4536,11
4537,11
4538,11
4539,11
4540,11
4541,11
4542,11
4543,11
4544,11
4545,11
4546,11
4547,11
4548,11
4549,11
4550,11
4551,11
4552,11
4553,11
4554,11
4555,11
4556,11
4557,11
4558,11
4559,11
4560,11
4561,11
4562,11
4563,11
4564,11
4565,11
4566,11
4567,11
4568,11
4569,11
4570,11
4571,11
4572,11
4573,11
4574,11
4575,11
4576,11
4577,11
4578,11
4579,11
4580,11
4581,11
4582,11
4583,11
4584,11
4585,11
4586,11
4587,11
4588,11
4589,11
4590,11
4591,11
4592,11
4593,11
4594,11
4595,11
4596,11
4597,11
4598,11
4599,11
4600,12
4601,12
4602,12
4603,12
4604,12
4605,12
4606,12
4607,12
4608,12
4609,12
4610,12
4611,12
4612,12
4613,12
4614,12
4615,12
4616,12
4617,12
4618,12
4619,12
4620,12
4621,12
4622,12
4623,12
4624,12
4625,12
4626,12
4627,12
4628,12
4629,12
4630,12
4631,12
4632,12
4633,12
4634,12
4635,12
4636,12
4637,12
4638,12
4639,12
4640,12
4641,12
4642,12
4643,12
4644,12
4645,12
4646,12
4647,12
4648,12
4649,12
4650,12
4651,12
4652,12
4653,12
4654,12
4655,12
4656,12
4657,12
4658,12
4659,12
4660,12
4661,12
4662,12
4663,12
4664,12
4665,12
4666,12
4667,12
4668,12
4669,12
4670,12
4671,12
4672,12
4673,12
4674,12
4675,12
4676,12
4677,12
4678,12
4679,12
4680,12
4681,12
4682,12
4683,12
4684,12
4685,12
4686,12
4687,12
4688,12
4689,12
4690,12
4691,12
4692,12
4693,12
4694,12
4695,12
4696,12
4697,12
4698,12
4699,12
4700,12
4701,12
4702,12
4703,12
4704,12
4705,12
4706,12
4707,12
4708,12
4709,12
4710,12
4711,12
4712,12
4713,12
4714,12
4715,12
4716,12
4717,12
4718,12
4719,12
4720,12
4721,12
4722,12
4723,12
4724,12
4725,12
4726,12
4727,12
4728,12
4729,12
4730,12
4731,12
4732,12
4733,12
4734,12
4735,12
4736,12
4737,12
4738,12
4739,12
4740,12
4741,12
4742,12
4743,12
4744,12
4745,12
4746,12
4747,12
4748,12
4749,12
4750,12
4751,12
4752,12
4753,12
4754,12
4755,12
4756,12
4757,12
4758,12
4759,12
4760,12
4761,12
4762,12
4763,12
4764,12
4765,12
4766,12
4767,12
4768,12
4769,12
4770,12
4771,12
4772,12
4773,12
4774,12
4775,12
4776,12
4777,12
4778,12
4779,12
4780,12
4781,12
4782,12
4783,12
4784,12
4785,12
4786,12
4787,12
4788,12
4789,12
4790,12
4791,12
4792,12
4793,12
4794,12
4795,12
4796,12
4797,12
4798,12
4799,12
4800,12
4801,12
4802,12
4803,12
4804,12
4805,12
4806,12
4807,12
4808,12
4809,12
4810,12
4811,12
4812,12
4813,12
4814,12
4815,12
4816,12
4817,12
4818,12
4819,12
4820,12
4821,12
4822,12
4823,12
4824,12
4825,12
4826,12
4827,12
4828,12
4829,12
4830,12
4831,12
4832,12
4833,12
4834,12
4835,12
4836,12
4837,12
4838,12
4839,12
4840,12
4841,12
4842,12
4843,12
4844,12
4845,12
4846,12
4847,12
4848,12
4849,12
4850,12
4851,12
4852,12
4853,12
4854,12
4855,12
4856,12
4857,12
4858,12
4859,12
4860,12
4861,12
4862,12
4863,12
4864,12
4865,12
4866,12
4867,13
4868,13
4869,13
4870,13
4871,13
4872,13
4873,13
4874,13
4875,13
4876,13
4877,13
4878,13
4879,13
4880,13
4881,13
4882,13
4883,13
4884,13
4885,13
4886,13
4887,13
4888,13
4889,13
4890,13
4891,13
4892,13
4893,13
4894,13
4895,13
4896,13
4897,13
4898,13
4899,13
4900,13
4901,13
4902,13
4903,13
4904,13
4905,13
4906,13
4907,13
4908,13
4909,13
4910,13
4911,13
4912,13
4913,13
4914,13
4915,13
4916,13
4917,13
4918,13
4919,13
4920,13
4921,13
4922,13
4923,13
4924,13
4925,13
4926,13
4927,13
4928,13
4929,13
4930,13
4931,13
4932,13
4933,13
4934,13
4935,13
4936,13
4937,13
4938,13
4939,13
4940,13
4941,13
4942,13
4943,13
4944,13
4945,13
4946,13
4947,13
4948,13
4949,13
4950,13
4951,13
4952,13
4953,13
4954,13
4955,13
4956,13
4957,13
4958,13
4959,13
4960,13
4961,13
4962,13
4963,13
4964,13
4965,13
4966,13
4967,13
4968,13
4969,13
4970,13
4971,13
4972,13
4973,13
4974,13
4975,13
4976,13
4977,13
4978,13
4979,13
4980,13
4981,13
4982,13
4983,13
4984,13
4985,13
4986,13
4987,13
4988,13
4989,13
4990,13
4991,13
4992,13
4993,13
4994,13
4995,13
4996,13
4997,13
4998,13
4999,13
5000,13
5001,13
5002,13
5003,13
5004,13
5005,13
5006,13
5007,13
5008,13
5009,13
5010,13
5011,13
5012,13
5013,13
5014,13
5015,13
5016,13
5017,13
5018,13
5019,13
5020,13
5021,13
5022,13
5023,13
5024,13
5025,13
5026,13
5027,13
5028,13
5029,13
5030,13
5031,13
5032,13
5033,13
5034,13
5035,13
5036,13
5037,13
5038,13
5039,13
5040,13
5041,13
5042,13
5043,13
5044,13
5045,13
5046,13
5047,13
5048,13
5049,13
5050,13
5051,13
5052,13
5053,13
5054,13
5055,13
5056,13
5057,13
5058,13
5059,13
5060,13
5061,13
5062,13
5063,13
5064,13
5065,13
5066,13
5067,13
5068,13
5069,13
5070,13
5071,13
5072,13
5073,13
5074,13
5075,13
5076,13
5077,13
5078,13
5079,13
5080,13
5081,13
5082,13
5083,13
5084,13
5085,13
5086,13
5087,13
5088,13
5089,13
5090,13
5091,13
5092,13
5093,13
5094,13
5095,13
5096,13
5097,13
5098,13
5099,13
5100,13
5101,13
5102,13
5103,13
5104,13
5105,13
5106,13
5107,13
5108,13
5109,13
5110,13
5111,13
5112,13
5113,13
5114,13
5115,13
5116,13
5117,13
5118,13
5119,13
5120,13
5121,14
5122,14
5123,14
5124,14
5125,14
5126,14
5127,14
5128,14
5129,14
5130,14
5131,14
5132,14
5133,14
5134,14
5135,14
5136,14
5137,14
5138,14
5139,14
5140,14
5141,14
5142,14
5143,14
5144,14
5145,14
5146,14
5147,14
5148,14
5149,14
5150,14
5151,14
5152,14
5153,14
5154,14
5155,14
5156,14
5157,14
5158,14
5159,14
5160,14
5161,14
5162,14
5163,14
5164,14
5165,14
5166,14
5167,14
5168,14
5169,14
5170,14
5171,14
5172,14
5173,14
5174,14
5175,14
5176,14
5177,14
5178,14
5179,14
5180,14
5181,14
5182,14
5183,14
5184,14
5185,14
5186,14
5187,14
5188,14
5189,14
5190,14
5191,14
5192,14
5193,14
5194,14
5195,14
5196,14
5197,14
5198,14
5199,14
5200,14
5201,14
5202,14
5203,14
5204,14
5205,14
5206,14
5207,14
5208,14
5209,14
5210,14
5211,14
5212,14
5213,14
5214,14
5215,14
5216,14
5217,14
5218,14
5219,14
5220,14
5221,14
5222,14
5223,14
5224,14
5225,14
5226,14
5227,14
5228,14
5229,14
5230,14
5231,14
5232,14
5233,14
5234,14
5235,14
5236,14
5237,14
5238,14
5239,14
5240,14
5241,14
5242,14
5243,14
5244,14
5245,14
5246,14
5247,14
5248,14
5249,14
5250,14
5251,14
5252,14
5253,14
5254,14
5255,14
5256,14
5257,14
5258,14
5259,14
5260,14
5261,14
5262,14
5263,14
5264,14
5265,14
5266,14
5267,14
5268,14
5269,14
5270,14
5271,14
5272,14
5273,14
5274,14
5275,14
5276,14
5277,14
5278,14
5279,14
5280,14
5281,14
5282,14
5283,14
5284,14
5285,14
5286,14
5287,14
5288,14
5289,14
5290,14
5291,14
5292,14
5293,14
5294,14
5295,14
5296,14
5297,14
5298,14
5299,14
5300,14
5301,14
5302,14
5303,14
5304,14
5305,14
5306,14
5307,14
5308,14
5309,14
5310,14
5311,14
5312,14
5313,14
5314,14
5315,14
5316,14
5317,14
5318,14
5319,14
5320,14
5321,14
5322,14
5323,14
5324,14
5325,14
5326,14
5327,14
5328,14
5329,14
5330,14
5331,14
5332,14
5333,14
5334,14
5335,14
5336,14
5337,14
5338,14
5339,14
5340,14
5341,14
5342,14
5343,14
5344,14
5345,14
5346,14
5347,14
5348,14
5349,14
5350,14
5351,14
5352,14
5353,14
5354,14
5355,14
5356,14
5357,14
5358,14
5359,14
5360,14
5361,14
5362,14
5363,15
5364,15
5365,15
5366,15
5367,15
5368,15
5369,15
5370,15
5371,15
5372,15
5373,15
5374,15
5375,15
5376,15
5377,15
5378,15
5379,15
5380,15
5381,15
5382,15
5383,15
5384,15
5385,15
5386,15
5387,15
5388,15
5389,15
5390,15
5391,15
5392,15
5393,15
5394,15
5395,15
5396,15
5397,15
5398,15
5399,15
5400,15
5401,15
5402,15
5403,15
5404,15
5405,15
5406,15
5407,15
5408,15
5409,15
5410,15
5411,15
5412,15
5413,15
5414,15
5415,15
5416,15
5417,15
5418,15
5419,15
5420,15
5421,15
5422,15
5423,15
5424,15
5425,15
5426,15
5427,15
5428,15
5429,15
5430,15
5431,15
5432,15
5433,15
5434,15
5435,15
5436,15
5437,15
5438,15
5439,15
5440,15
5441,15
5442,15
5443,15
5444,15
5445,15
5446,15
5447,15
5448,15
5449,15
5450,15
5451,15
5452,15
5453,15
5454,15
5455,15
5456,15
5457,15
5458,15
5459,15
5460,15
5461,15
5462,15
5463,15
5464,15
5465,15
5466,15
5467,15
5468,15
5469,15
5470,15
5471,15
5472,15
5473,15
5474,15
5475,15
5476,15
5477,15
5478,15
5479,15
5480,15
5481,15
5482,15
5483,15
5484,15
5485,15
5486,15
5487,15
5488,15
5489,15
5490,15
5491,15
5492,15
5493,15
5494,15
5495,15
5496,15
5497,15
5498,15
5499,15
5500,15
5501,15
5502,15
5503,15
5504,15
5505,15
5506,15
5507,15
5508,15
5509,15
5510,15
5511,15
5512,15
5513,15
5514,15
5515,15
5516,15
5517,15
5518,15
5519,15
5520,15
5521,15
5522,15
5523,15
5524,15
5525,15
5526,15
5527,15
5528,15
5529,15
5530,15
5531,15
5532,15
5533,15
5534,15
5535,15
5536,15
5537,15
5538,15
5539,15
5540,15
5541,15
5542,15
5543,15
5544,15
5545,15
5546,15
5547,15
5548,15
5549,15
5550,15
5551,15
5552,15
5553,15
5554,15
5555,15
5556,15
5557,15
5558,15
5559,15
5560,15
5561,15
5562,15
5563,15
5564,15
5565,15
5566,15
5567,15
5568,15
5569,15
5570,15
5571,15
5572,15
5573,15
5574,15
5575,15
5576,15
5577,15
5578,15
5579,15
5580,15
5581,15
5582,15
5583,15
5584,15
5585,15
5586,15
5587,15
5588,15
5589,15
5590,15
5591,15
5592,16
5593,16
5594,16
5595,16
5596,16
5597,16
5598,16
5599,16
5600,16
5601,16
5602,16
5603,16
5604,16
5605,16
5606,16
5607,16
5608,16
5609,16
5610,16
5611,16
5612,16
5613,16
5614,16
5615,16
5616,16
5617,16
5618,16
5619,16
5620,16
5621,16
5622,16
5623,16
5624,16
5625,16
5626,16
5627,16
5628,16
5629,16
5630,16
5631,16
5632,16
5633,16
5634,16
5635,16
5636,16
5637,16
5638,16
5639,16
5640,16
5641,16
5642,16
5643,16
5644,16
5645,16
5646,16
5647,16
5648,16
5649,16
5650,16
5651,16
5652,16
5653,16
5654,16
5655,16
5656,16
5657,16
5658,16
5659,16
5660,16
5661,16
5662,16
5663,16
5664,16
5665,16
5666,16
5667,16
5668,16
5669,16
5670,16
5671,16
5672,16
5673,16
5674,16
5675,16
5676,16
5677,16
5678,16
5679,16
5680,16
5681,16
5682,16
5683,16
5684,16
5685,16
5686,16
5687,16
5688,16
5689,16
5690,16
5691,16
5692,16
5693,16
5694,16
5695,16
5696,16
5697,16
5698,16
5699,16
5700,16
5701,16
5702,16
5703,16
5704,16
5705,16
5706,16
5707,16
5708,16
5709,16
5710,16
5711,16
5712,16
5713,16
5714,16
5715,16
5716,16
5717,16
5718,16
5719,16
5720,16
5721,16
5722,16
5723,16
5724,16
5725,16
5726,16
5727,16
5728,16
5729,16
5730,16
5731,16
5732,16
5733,16
5734,16
5735,16
5736,16
5737,16
5738,16
5739,16
5740,16
5741,16
5742,16
5743,16
5744,16
5745,16
5746,16
5747,16
5748,16
5749,16
5750,16
5751,16
5752,16
5753,16
5754,16
5755,16
5756,16
5757,16
5758,16
5759,16
5760,16
5761,16
5762,16
5763,16
5764,16
5765,16
5766,16
5767,16
5768,16
5769,16
5770,16
5771,16
5772,16
5773,16
5774,16
5775,16
5776,16
5777,16
5778,16
5779,16
5780,16
5781,16
5782,16
5783,16
5784,16
5785,16
5786,16
5787,16
5788,16
5789,16
5790,16
5791,16
5792,16
5793,16
5794,16
5795,16
5796,16
5797,16
5798,16
5799,16
5800,16
5801,16
5802,16
5803,16
5804,16
5805,16
5806,16
5807,16
5808,16
5809,16
5810,17
5811,17
5812,17
5813,17
5814,17
5815,17
5816,17
5817,17
5818,17
5819,17
5820,17
5821,17
5822,17
5823,17
5824,17
5825,17
5826,17
5827,17
5828,17
5829,17
5830,17
5831,17
5832,17
5833,17
5834,17
5835,17
5836,17
5837,17
5838,17
5839,17
5840,17
5841,17
5842,17
5843,17
5844,17
5845,17
5846,17
5847,17
5848,17
5849,17
5850,17
5851,17
5852,17
5853,17
5854,17
5855,17
5856,17
5857,17
5858,17
5859,17
5860,17
5861,17
5862,17
5863,17
5864,17
5865,17
5866,17
5867,17
5868,17
5869,17
5870,17
5871,17
5872,17
5873,17
5874,17
5875,17
5876,17
5877,17
5878,17
5879,17
5880,17
5881,17
5882,17
5883,17
5884,17
5885,17
5886,17
5887,17
5888,17
5889,17
5890,17
5891,17
5892,17
5893,17
5894,17
5895,17
5896,17
5897,17
5898,17
5899,17
5900,17
5901,17
5902,17
5903,17
5904,17
5905,17
5906,17
5907,17
5908,17
5909,17
5910,17
5911,17
5912,17
5913,17
5914,17
5915,17
5916,17
5917,17
5918,17
5919,17
5920,17
5921,17
5922,17
5923,17
5924,17
5925,17
5926,17
5927,17
5928,17
5929,17
5930,17
5931,17
5932,17
5933,17
5934,17
5935,17
5936,17
5937,17
5938,17
5939,17
5940,17
5941,17
5942,17
5943,17
5944,17
5945,17
5946,17
5947,17
5948,17
5949,17
5950,17
5951,17
5952,17
5953,17
5954,17
5955,17
5956,17
5957,17
5958,17
5959,17
5960,17
5961,17
5962,17
5963,17
5964,17
5965,17
5966,17
5967,17
5968,17
5969,17
5970,17
5971,17
5972,17
5973,17
5974,17
5975,17
5976,17
5977,17
5978,17
5979,17
5980,17
5981,17
5982,17
5983,17
5984,17
5985,17
5986,17
5987,17
5988,17
5989,17
5990,17
5991,17
5992,17
5993,17
5994,17
5995,17
5996,17
5997,17
5998,17
5999,17
6000,17
6001,17
6002,17
6003,17
6004,17
6005,17
6006,17
6007,17
6008,17
6009,17
6010,17
6011,17
6012,17
6013,17
6014,17
6015,17
6016,17
6017,17
6018,17
6019,18
6020,18
6021,18
6022,18
6023,18
6024,18
6025,18
6026,18
6027,18
6028,18
6029,18
6030,18
6031,18
6032,18
6033,18
6034,18
6035,18
6036,18
6037,18
6038,18
6039,18
6040,18
6041,18
6042,18
6043,18
6044,18
6045,18
6046,18
6047,18
6048,18
6049,18
6050,18
6051,18
6052,18
6053,18
6054,18
6055,18
6056,18
6057,18
6058,18
6059,18
6060,18
6061,18
6062,18
6063,18
6064,18
6065,18
6066,18
6067,18
6068,18
6069,18
6070,18
6071,18
6072,18
6073,18
6074,18
6075,18
6076,18
6077,18
6078,18
6079,18
6080,18
6081,18
6082,18
6083,18
6084,18
6085,18
6086,18
6087,18
6088,18
6089,18
6090,18
6091,18
6092,18
6093,18
6094,18
6095,18
6096,18
6097,18
6098,18
6099,18
6100,18
6101,18
6102,18
6103,18
6104,18
6105,18
6106,18
6107,18
6108,18
6109,18
6110,18
6111,18
6112,18
6113,18
6114,18
6115,18
6116,18
6117,18
6118,18
6119,18
6120,18
6121,18
6122,18
6123,18
6124,18
6125,18
6126,18
6127,18
6128,18
6129,18
6130,18
6131,18
6132,18
6133,18
6134,18
6135,18
6136,18
6137,18
6138,18
6139,18
6140,18
6141,18
6142,18
6143,18
6144,18
6145,18
6146,18
6147,18
6148,18
6149,18
6150,18
6151,18
6152,18
6153,18
6154,18
6155,18
6156,18
6157,18
6158,18
6159,18
6160,18
6161,18
6162,18
6163,18
6164,18
6165,18
6166,18
6167,18
6168,18
6169,18
6170,18
6171,18
6172,18
6173,18
6174,18
6175,18
6176,18
6177,18
6178,18
6179,18
6180,18
6181,18
6182,18
6183,18
6184,18
6185,18
6186,18
6187,18
6188,18
6189,18
6190,18
6191,18
6192,18
6193,18
6194,18
6195,18
6196,18
6197,18
6198,18
6199,18
6200,18
6201,18
6202,18
6203,18
6204,18
6205,18
6206,18
6207,18
6208,18
6209,18
6210,18
6211,18
6212,18
6213,18
6214,18
6215,18
6216,18
6217,19
6218,19
6219,19
6220,19
6221,19
6222,19
6223,19
6224,19
6225,19
6226,19
6227,19
6228,19
6229,19
6230,19
6231,19
6232,19
6233,19
6234,19
6235,19
6236,19
6237,19
6238,19
6239,19
6240,19
6241,19
6242,19
6243,19
6244,19
6245,19
6246,19
6247,19
6248,19
6249,19
6250,19
6251,19
6252,19
6253,19
6254,19
6255,19
6256,19
6257,19
6258,19
6259,19
6260,19
6261,19
6262,19
6263,19
6264,19
6265,19
6266,19
6267,19
6268,19
6269,19
6270,19
6271,19
6272,19
6273,19
6274,19
6275,19
6276,19
6277,19
6278,19
6279,19
6280,19
6281,19
6282,19
6283,19
6284,19
6285,19
6286,19
6287,19
6288,19
6289,19
6290,19
6291,19
6292,19
6293,19
6294,19
6295,19
6296,19
6297,19
6298,19
6299,19
6300,19
6301,19
6302,19
6303,19
6304,19
6305,19
6306,19
6307,19
6308,19
6309,19
6310,19
6311,19
6312,19
6313,19
6314,19
6315,19
6316,19
6317,19
6318,19
6319,19
6320,19
6321,19
6322,19
6323,19
6324,19
6325,19
6326,19
6327,19
6328,19
6329,19
6330,19
6331,19
6332,19
6333,19
6334,19
6335,19
6336,19
6337,19
6338,19
6339,19
6340,19
6341,19
6342,19
6343,19
6344,19
6345,19
6346,19
6347,19
6348,19
6349,19
6350,19
6351,19
6352,19
6353,19
6354,19
6355,19
6356,19
6357,19
6358,19
6359,19
6360,19
6361,19
6362,19
6363,19
6364,19
6365,19
6366,19
6367,19
6368,19
6369,19
6370,19
6371,19
6372,19
6373,19
6374,19
6375,19
6376,19
6377,19
6378,19
6379,19
6380,19
6381,19
6382,19
6383,19
6384,19
6385,19
6386,19
6387,19
6388,19
6389,19
6390,19
6391,19
6392,19
6393,19
6394,19
6395,19
6396,19
6397,19
6398,19
6399,19
6400,19
6401,19
6402,19
6403,19
6404,19
6405,19
6406,19
6407,20
6408,20
6409,20
6410,20
6411,20
6412,20
6413,20
6414,20
6415,20
6416,20
6417,20
6418,20
6419,20
6420,20
6421,20
6422,20
6423,20
6424,20
6425,20
6426,20
6427,20
6428,20
6429,20
6430,20
6431,20
6432,20
6433,20
6434,20
6435,20
6436,20
6437,20
6438,20
6439,20
6440,20
6441,20
6442,20
6443,20
6444,20
6445,20
6446,20
6447,20
6448,20
6449,20
6450,20
6451,20
6452,20
6453,20
6454,20
6455,20
6456,20
6457,20
6458,20
6459,20
6460,20
6461,20
6462,20
6463,20
6464,20
6465,20
6466,20
6467,20
6468,20
6469,20
6470,20
6471,20
6472,20
6473,20
6474,20
6475,20
6476,20
6477,20
6478,20
6479,20
6480,20
6481,20
6482,20
6483,20
6484,20
6485,20
6486,20
6487,20
6488,20
6489,20
6490,20
6491,20
6492,20
6493,20
6494,20
6495,20
6496,20
6497,20
6498,20
6499,20
6500,20
6501,20
6502,20
6503,20
6504,20
6505,20
6506,20
6507,20
6508,20
6509,20
6510,20
6511,20
6512,20
6513,20
6514,20
6515,20
6516,20
6517,20
6518,20
6519,20
6520,20
6521,20
6522,20
6523,20
6524,20
6525,20
6526,20
6527,20
6528,20
6529,20
6530,20
6531,20
6532,20
6533,20
6534,20
6535,20
6536,20
6537,20
6538,20
6539,20
6540,20
6541,20
6542,20
6543,20
6544,20
6545,20
6546,20
6547,20
6548,20
6549,20
6550,20
6551,20
6552,20
6553,20
6554,20
6555,20
6556,20
6557,20
6558,20
6559,20
6560,20
6561,20
6562,20
6563,20
6564,20
6565,20
6566,20
6567,20
6568,20
6569,20
6570,20
6571,20
6572,20
6573,20
6574,20
6575,20
6576,20
6577,20
6578,20
6579,20
6580,20
6581,20
6582,20
6583,20
6584,20
6585,20
6586,20
6587,20
6588,20
6589,21
6590,21
6591,21
6592,21
6593,21
6594,21
6595,21
6596,21
6597,21
6598,21
6599,21
6600,21
6601,21
6602,21
6603,21
6604,21
6605,21
6606,21
6607,21
6608,21
6609,21
6610,21
6611,21
6612,21
6613,21
6614,21
6615,21
6616,21
6617,21
6618,21
6619,21
6620,21
6621,21
6622,21
6623,21
6624,21
6625,21
6626,21
6627,21
6628,21
6629,21
6630,21
6631,21
6632,21
6633,21
6634,21
6635,21
6636,21
6637,21
6638,21
6639,21
6640,21
6641,21
6642,21
6643,21
6644,21
6645,21
6646,21
6647,21
6648,21
6649,21
6650,21
6651,21
6652,21
6653,21
6654,21
6655,21
6656,21
6657,21
6658,21
6659,21
6660,21
6661,21
6662,21
6663,21
6664,21
6665,21
6666,21
6667,21
6668,21
6669,21
6670,21
6671,21
6672,21
6673,21
6674,21
6675,21
6676,21
6677,21
6678,21
6679,21
6680,21
6681,21
6682,21
6683,21
6684,21
6685,21
6686,21
6687,21
6688,21
6689,21
6690,21
6691,21
6692,21
6693,21
6694,21
6695,21
6696,21
6697,21
6698,21
6699,21
6700,21
6701,21
6702,21
6703,21
6704,21
6705,21
6706,21
6707,21
6708,21
6709,21
6710,21
6711,21
6712,21
6713,21
6714,21
6715,21
6716,21
6717,21
6718,21
6719,21
6720,21
6721,21
6722,21
6723,21
6724,21
6725,21
6726,21
6727,21
6728,21
6729,21
6730,21
6731,21
6732,21
6733,21
6734,21
6735,21
6736,21
6737,21
6738,21
6739,21
6740,21
6741,21
6742,21
6743,21
6744,21
6745,21
6746,21
6747,21
6748,21
6749,21
6750,21
6751,21
6752,21
6753,21
6754,21
6755,21
6756,21
6757,21
6758,21
6759,21
6760,21
6761,21
6762,21
6763,22
6764,22
6765,22
6766,22
6767,22
6768,22
6769,22
6770,22
6771,22
6772,22
6773,22
6774,22
6775,22
6776,22
6777,22
6778,22
6779,22
6780,22
6781,22
6782,22
6783,22
6784,22
6785,22
6786,22
6787,22
6788,22
6789,22
6790,22
6791,22
6792,22
6793,22
6794,22
6795,22
6796,22
6797,22
6798,22
6799,22
6800,22
6801,22
6802,22
6803,22
6804,22
6805,22
6806,22
6807,22
6808,22
6809,22
6810,22
6811,22
6812,22
6813,22
6814,22
6815,22
6816,22
6817,22
6818,22
6819,22
6820,22
6821,22
6822,22
6823,22
6824,22
6825,22
6826,22
6827,22
6828,22
6829,22
6830,22
6831,22
6832,22
6833,22
6834,22
6835,22
6836,22
6837,22
6838,22
6839,22
6840,22
6841,22
6842,22
6843,22
6844,22
6845,22
6846,22
6847,22
6848,22
6849,22
6850,22
6851,22
6852,22
6853,22
6854,22
6855,22
6856,22
6857,22
6858,22
6859,22
6860,22
6861,22
6862,22
6863,22
6864,22
6865,22
6866,22
6867,22
6868,22
6869,22
6870,22
6871,22
6872,22
6873,22
6874,22
6875,22
6876,22
6877,22
6878,22
6879,22
6880,22
6881,22
6882,22
6883,22
6884,22
6885,22
6886,22
6887,22
6888,22
6889,22
6890,22
6891,22
6892,22
6893,22
6894,22
6895,22
6896,22
6897,22
6898,22
6899,22
6900,22
6901,22
6902,22
6903,22
6904,22
6905,22
6906,22
6907,22
6908,22
6909,22
6910,22
6911,22
6912,22
6913,22
6914,22
6915,22
6916,22
6917,22
6918,22
6919,22
6920,22
6921,22
6922,22
6923,22
6924,22
6925,22
6926,22
6927,22
6928,22
6929,22
6930,23
6931,23
6932,23
6933,23
6934,23
6935,23
6936,23
6937,23
6938,23
6939,23
6940,23
6941,23
6942,23
6943,23
6944,23
6945,23
6946,23
6947,23
6948,23
6949,23
6950,23
6951,23
6952,23
6953,23
6954,23
6955,23
6956,23
6957,23
6958,23
6959,23
6960,23
6961,23
6962,23
6963,23
6964,23
6965,23
6966,23
6967,23
6968,23
6969,23
6970,23
6971,23
6972,23
6973,23
6974,23
6975,23
6976,23
6977,23
6978,23
6979,23
6980,23
6981,23
6982,23
6983,23
6984,23
6985,23
6986,23
6987,23
6988,23
6989,23
6990,23
6991,23
6992,23
6993,23
6994,23
6995,23
6996,23
6997,23
6998,23
6999,23
7000,23
7001,23
7002,23
7003,23
7004,23
7005,23
7006,23
7007,23
7008,23
7009,23
7010,23
7011,23
7012,23
7013,23
7014,23
7015,23
7016,23
7017,23
7018,23
7019,23
7020,23
7021,23
7022,23
7023,23
7024,23
7025,23
7026,23
7027,23
7028,23
7029,23
7030,23
7031,23
7032,23
7033,23
7034,23
7035,23
7036,23
7037,23
7038,23
7039,23
7040,23
7041,23
7042,23
7043,23
7044,23
7045,23
7046,23
7047,23
7048,23
7049,23
7050,23
7051,23
7052,23
7053,23
7054,23
7055,23
7056,23
7057,23
7058,23
7059,23
7060,23
7061,23
7062,23
7063,23
7064,23
7065,23
7066,23
7067,23
7068,23
7069,23
7070,23
7071,23
7072,23
7073,23
7074,23
7075,23
7076,23
7077,23
7078,23
7079,23
7080,23
7081,23
7082,23
7083,23
7084,23
7085,23
7086,23
7087,23
7088,23
7089,24
7090,24
7091,24
7092,24
7093,24
7094,24
7095,24
7096,24
7097,24
7098,24
7099,24
7100,24
7101,24
7102,24
7103,24
7104,24
7105,24
7106,24
7107,24
7108,24
7109,24
7110,24
7111,24
7112,24
7113,24
7114,24
7115,24
7116,24
7117,24
7118,24
7119,24
7120,24
7121,24
7122,24
7123,24
7124,24
7125,24
7126,24
7127,24
7128,24
7129,24
7130,24
7131,24
7132,24
7133,24
7134,24
7135,24
7136,24
7137,24
7138,24
7139,24
7140,24
7141,24
7142,24
7143,24
7144,24
7145,24
7146,24
7147,24
7148,24
7149,24
7150,24
7151,24
7152,24
7153,24
7154,24
7155,24
7156,24
7157,24
7158,24
7159,24
7160,24
7161,24
7162,24
7163,24
7164,24
7165,24
7166,24
7167,24
7168,24
7169,24
7170,24
7171,24
7172,24
7173,24
7174,24
7175,24
7176,24
7177,24
7178,24
7179,24
7180,24
7181,24
7182,24
7183,24
7184,24
7185,24
7186,24
7187,24
7188,24
7189,24
7190,24
7191,24
7192,24
7193,24
7194,24
7195,24
7196,24
7197,24
7198,24
7199,24
7200,24
7201,24
7202,24
7203,24
7204,24
7205,24
7206,24
7207,24
7208,24
7209,24
7210,24
7211,24
7212,24
7213,24
7214,24
7215,24
7216,24
7217,24
7218,24
7219,24
7220,24
7221,24
7222,24
7223,24
7224,24
7225,24
7226,24
7227,24
7228,24
7229,24
7230,24
7231,24
7232,24
7233,24
7234,24
7235,24
7236,24
7237,24
7238,24
7239,24
7240,24
7241,24
7242,24
7243,25
7244,25
7245,25
7246,25
7247,25
7248,25
7249,25
7250,25
7251,25
7252,25
7253,25
7254,25
7255,25
7256,25
7257,25
7258,25
7259,25
7260,25
7261,25
7262,25
7263,25
7264,25
7265,25
7266,25
7267,25
7268,25
7269,25
7270,25
7271,25
7272,25
7273,25
7274,25
7275,25
7276,25
7277,25
7278,25
7279,25
7280,25
7281,25
7282,25
7283,25
7284,25
7285,25
7286,25
7287,25
7288,25
7289,25
7290,25
7291,25
7292,25
7293,25
7294,25
7295,25
7296,25
7297,25
7298,25
7299,25
7300,25
7301,25
7302,25
7303,25
7304,25
7305,25
7306,25
7307,25
7308,25
7309,25
7310,25
7311,25
7312,25
7313,25
7314,25
7315,25
7316,25
7317,25
7318,25
7319,25
7320,25
7321,25
7322,25
7323,25
7324,25
7325,25
7326,25
7327,25
7328,25
7329,25
7330,25
7331,25
7332,25
7333,25
7334,25
7335,25
7336,25
7337,25
7338,25
7339,25
7340,25
7341,25
7342,25
7343,25
7344,25
7345,25
7346,25
7347,25
7348,25
7349,25
7350,25
7351,25
7352,25
7353,25
7354,25
7355,25
7356,25
7357,25
7358,25
7359,25
7360,25
7361,25
7362,25
7363,25
7364,25
7365,25
7366,25
7367,25
7368,25
7369,25
7370,25
7371,25
7372,25
7373,25
7374,25
7375,25
7376,25
7377,25
7378,25
7379,25
7380,25
7381,25
7382,25
7383,25
7384,25
7385,25
7386,25
7387,25
7388,25
7389,25
7390,26
7391,26
7392,26
7393,26
7394,26
7395,26
7396,26
7397,26
7398,26
7399,26
7400,26
7401,26
7402,26
7403,26
7404,26
7405,26
7406,26
7407,26
7408,26
7409,26
7410,26
7411,26
7412,26
7413,26
7414,26
7415,26
7416,26
7417,26
7418,26
7419,26
7420,26
7421,26
7422,26
7423,26
7424,26
7425,26
7426,26
7427,26
7428,26
7429,26
7430,26
7431,26
7432,26
7433,26
7434,26
7435,26
7436,26
7437,26
7438,26
7439,26
7440,26
7441,26
7442,26
7443,26
7444,26
7445,26
7446,26
7447,26
7448,26
7449,26
7450,26
7451,26
7452,26
7453,26
7454,26
7455,26
7456,26
7457,26
7458,26
7459,26
7460,26
7461,26
7462,26
7463,26
7464,26
7465,26
7466,26
7467,26
7468,26
7469,26
7470,26
7471,26
7472,26
7473,26
7474,26
7475,26
7476,26
7477,26
7478,26
7479,26
7480,26
7481,26
7482,26
7483,26
7484,26
7485,26
7486,26
7487,26
7488,26
7489,26
7490,26
7491,26
7492,26
7493,26
7494,26
7495,26
7496,26
7497,26
7498,26
7499,26
7500,26
7501,26
7502,26
7503,26
7504,26
7505,26
7506,26
7507,26
7508,26
7509,26
7510,26
7511,26
7512,26
7513,26
7514,26
7515,26
7516,26
7517,26
7518,26
7519,26
7520,26
7521,26
7522,26
7523,26
7524,26
7525,26
7526,26
7527,26
7528,26
7529,26
7530,26
7531,26
7532,27
7533,27
7534,27
7535,27
7536,27
7537,27
7538,27
7539,27
7540,27
7541,27
7542,27
7543,27
7544,27
7545,27
7546,27
7547,27
7548,27
7549,27
7550,27
7551,27
7552,27
7553,27
7554,27
7555,27
7556,27
7557,27
7558,27
7559,27
7560,27
7561,27
7562,27
7563,27
7564,27
7565,27
7566,27
7567,27
7568,27
7569,27
7570,27
7571,27
7572,27
7573,27
7574,27
7575,27
7576,27
7577,27
7578,27
7579,27
7580,27
7581,27
7582,27
7583,27
7584,27
7585,27
7586,27
7587,27
7588,27
7589,27
7590,27
7591,27
7592,27
7593,27
7594,27
7595,27
7596,27
7597,27
7598,27
7599,27
7600,27
7601,27
7602,27
7603,27
7604,27
7605,27
7606,27
7607,27
7608,27
7609,27
7610,27
7611,27
7612,27
7613,27
7614,27
7615,27
7616,27
7617,27
7618,27
7619,27
7620,27
7621,27
7622,27
7623,27
7624,27
7625,27
7626,27
7627,27
7628,27
7629,27
7630,27
7631,27
7632,27
7633,27
7634,27
7635,27
7636,27
7637,27
7638,27
7639,27
7640,27
7641,27
7642,27
7643,27
7644,27
7645,27
7646,27
7647,27
7648,27
7649,27
7650,27
7651,27
7652,27
7653,27
7654,27
7655,27
7656,27
7657,27
7658,27
7659,27
7660,27
7661,27
7662,27
7663,27
7664,27
7665,27
7666,27
7667,27
7668,28
7669,28
7670,28
7671,28
7672,28
7673,28
7674,28
7675,28
7676,28
7677,28
7678,28
7679,28
7680,28
7681,28
7682,28
7683,28
7684,28
7685,28
7686,28
7687,28
7688,28
7689,28
7690,28
7691,28
7692,28
7693,28
7694,28
7695,28
7696,28
7697,28
7698,28
7699,28
7700,28
7701,28
7702,28
7703,28
7704,28
7705,28
7706,28
7707,28
7708,28
7709,28
7710,28
7711,28
7712,28
7713,28
7714,28
7715,28
7716,28
7717,28
7718,28
7719,28
7720,28
7721,28
7722,28
7723,28
7724,28
7725,28
7726,28
7727,28
7728,28
7729,28
7730,28
7731,28
7732,28
7733,28
7734,28
7735,28
7736,28
7737,28
7738,28
7739,28
7740,28
7741,28
7742,28
7743,28
7744,28
7745,28
7746,28
7747,28
7748,28
7749,28
7750,28
7751,28
7752,28
7753,28
7754,28
7755,28
7756,28
7757,28
7758,28
7759,28
7760,28
7761,28
7762,28
7763,28
7764,28
7765,28
7766,28
7767,28
7768,28
7769,28
7770,28
7771,28
7772,28
7773,28
7774,28
7775,28
7776,28
7777,28
7778,28
7779,28
7780,28
7781,28
7782,28
7783,28
7784,28
7785,28
7786,28
7787,28
7788,28
7789,28
7790,28
7791,28
7792,28
7793,28
7794,28
7795,28
7796,28
7797,28
7798,28
7799,28
7800,29
7801,29
7802,29
7803,29
7804,29
7805,29
7806,29
7807,29
7808,29
7809,29
7810,29
7811,29
7812,29
7813,29
7814,29
7815,29
7816,29
7817,29
7818,29
7819,29
7820,29
7821,29
7822,29
7823,29
7824,29
7825,29
7826,29
7827,29
7828,29
7829,29
7830,29
7831,29
7832,29
7833,29
7834,29
7835,29
7836,29
7837,29
7838,29
7839,29
7840,29
7841,29
7842,29
7843,29
7844,29
7845,29
7846,29
7847,29
7848,29
7849,29
7850,29
7851,29
7852,29
7853,29
7854,29
7855,29
7856,29
7857,29
7858,29
7859,29
7860,29
7861,29
7862,29
7863,29
7864,29
7865,29
7866,29
7867,29
7868,29
7869,29
7870,29
7871,29
7872,29
7873,29
7874,29
7875,29
7876,29
7877,29
7878,29
7879,29
7880,29
7881,29
7882,29
7883,29
7884,29
7885,29
7886,29
7887,29
7888,29
7889,29
7890,29
7891,29
7892,29
7893,29
7894,29
7895,29
7896,29
7897,29
7898,29
7899,29
7900,29
7901,29
7902,29
7903,29
7904,29
7905,29
7906,29
7907,29
7908,29
7909,29
7910,29
7911,29
7912,29
7913,29
7914,29
7915,29
7916,29
7917,29
7918,29
7919,29
7920,29
7921,29
7922,29
7923,29
7924,29
7925,29
7926,30
7927,30
7928,30
7929,30
7930,30
7931,30
7932,30
7933,30
7934,30
7935,30
7936,30
7937,30
7938,30
7939,30
7940,30
7941,30
7942,30
7943,30
7944,30
7945,30
7946,30
7947,30
7948,30
7949,30
7950,30
7951,30
7952,30
7953,30
7954,30
7955,30
7956,30
7957,30
7958,30
7959,30
7960,30
7961,30
7962,30
7963,30
7964,30
7965,30
7966,30
7967,30
7968,30
7969,30
7970,30
7971,30
7972,30
7973,30
7974,30
7975,30
7976,30
7977,30
7978,30
7979,30
7980,30
7981,30
7982,30
7983,30
7984,30
7985,30
7986,30
7987,30
7988,30
7989,30
7990,30
7991,30
7992,30
7993,30
7994,30
7995,30
7996,30
7997,30
7998,30
7999,30
8000,30
8001,30
8002,30
8003,30
8004,30
8005,30
8006,30
8007,30
8008,30
8009,30
8010,30
8011,30
8012,30
8013,30
8014,30
8015,30
8016,30
8017,30
8018,30
8019,30
8020,30
8021,30
8022,30
8023,30
8024,30
8025,30
8026,30
8027,30
8028,30
8029,30
8030,30
8031,30
8032,30
8033,30
8034,30
8035,30
8036,30
8037,30
8038,30
8039,30
8040,30
8041,30
8042,30
8043,30
8044,30
8045,30
8046,30
8047,30
8048,31
8049,31
8050,31
8051,31
8052,31
8053,31
8054,31
8055,31
8056,31
8057,31
8058,31
8059,31
8060,31
8061,31
8062,31
8063,31
8064,31
8065,31
8066,31
8067,31
8068,31
8069,31
8070,31
8071,31
8072,31
8073,31
8074,31
8075,31
8076,31
8077,31
8078,31
8079,31
8080,31
8081,31
8082,31
8083,31
8084,31
8085,31
8086,31
8087,31
8088,31
8089,31
8090,31
8091,31
8092,31
8093,31
8094,31
8095,31
8096,31
8097,31
8098,31
8099,31
8100,31
8101,31
8102,31
8103,31
8104,31
8105,31
8106,31
8107,31
8108,31
8109,31
8110,31
8111,31
8112,31
8113,31
8114,31
8115,31
8116,31
8117,31
8118,31
8119,31
8120,31
8121,31
8122,31
8123,31
8124,31
8125,31
8126,31
8127,31
8128,31
8129,31
8130,31
8131,31
8132,31
8133,31
8134,31
8135,31
8136,31
8137,31
8138,31
8139,31
8140,31
8141,31
8142,31
8143,31
8144,31
8145,31
8146,31
8147,31
8148,31
8149,31
8150,31
8151,31
8152,31
8153,31
8154,31
8155,31
8156,31
8157,31
8158,31
8159,31
8160,31
8161,31
8162,31
8163,31
8164,31
8165,31
8166,32
8167,32
8168,32
8169,32
8170,32
8171,32
8172,32
8173,32
8174,32
8175,32
8176,32
8177,32
8178,32
8179,32
8180,32
8181,32
8182,32
8183,32
8184,32
8185,32
8186,32
8187,32
8188,32
8189,32
8190,32
8191,32
8192,32
8193,32
8194,32
8195,32
8196,32
8197,32
8198,32
8199,32
8200,32
8201,32
8202,32
8203,32
8204,32
8205,32
8206,32
8207,32
8208,32
8209,32
8210,32
8211,32
8212,32
8213,32
8214,32
8215,32
8216,32
8217,32
8218,32
8219,32
8220,32
8221,32
8222,32
8223,32
8224,32
8225,32
8226,32
8227,32
8228,32
8229,32
8230,32
8231,32
8232,32
8233,32
8234,32
8235,32
8236,32
8237,32
8238,32
8239,32
8240,32
8241,32
8242,32
8243,32
8244,32
8245,32
8246,32
8247,32
8248,32
8249,32
8250,32
8251,32
8252,32
8253,32
8254,32
8255,32
8256,32
8257,32
8258,32
8259,32
8260,32
8261,32
8262,32
8263,32
8264,32
8265,32
8266,32
8267,32
8268,32
8269,32
8270,32
8271,32
8272,32
8273,32
8274,32
8275,32
8276,32
8277,32
8278,32
8279,33
8280,33
8281,33
8282,33
8283,33
8284,33
8285,33
8286,33
8287,33
8288,33
8289,33
8290,33
8291,33
8292,33
8293,33
8294,33
8295,33
8296,33
8297,33
8298,33
8299,33
8300,33
8301,33
8302,33
8303,33
8304,33
8305,33
8306,33
8307,33
8308,33
8309,33
8310,33
8311,33
8312,33
8313,33
8314,33
8315,33
8316,33
8317,33
8318,33
8319,33
8320,33
8321,33
8322,33
8323,33
8324,33
8325,33
8326,33
8327,33
8328,33
8329,33
8330,33
8331,33
8332,33
8333,33
8334,33
8335,33
8336,33
8337,33
8338,33
8339,33
8340,33
8341,33
8342,33
8343,33
8344,33
8345,33
8346,33
8347,33
8348,33
8349,33
8350,33
8351,33
8352,33
8353,33
8354,33
8355,33
8356,33
8357,33
8358,33
8359,33
8360,33
8361,33
8362,33
8363,33
8364,33
8365,33
8366,33
8367,33
8368,33
8369,33
8370,33
8371,33
8372,33
8373,33
8374,33
8375,33
8376,33
8377,33
8378,33
8379,33
8380,33
8381,33
8382,33
8383,33
8384,33
8385,33
8386,33
8387,33
8388,33
8389,34
8390,34
8391,34
8392,34
8393,34
8394,34
8395,34
8396,34
8397,34
8398,34
8399,34
8400,34
8401,34
8402,34
8403,34
8404,34
8405,34
8406,34
8407,34
8408,34
8409,34
8410,34
8411,34
8412,34
8413,34
8414,34
8415,34
8416,34
8417,34
8418,34
8419,34
8420,34
8421,34
8422,34
8423,34
8424,34
8425,34
8426,34
8427,34
8428,34
8429,34
8430,34
8431,34
8432,34
8433,34
8434,34
8435,34
8436,34
8437,34
8438,34
8439,34
8440,34
8441,34
8442,34
8443,34
8444,34
8445,34
8446,34
8447,34
8448,34
8449,34
8450,34
8451,34
8452,34
8453,34
8454,34
8455,34
8456,34
8457,34
8458,34
8459,34
8460,34
8461,34
8462,34
8463,34
8464,34
8465,34
8466,34
8467,34
8468,34
8469,34
8470,34
8471,34
8472,34
8473,34
8474,34
8475,34
8476,34
8477,34
8478,34
8479,34
8480,34
8481,34
8482,34
8483,34
8484,34
8485,34
8486,34
8487,34
8488,34
8489,34
8490,34
8491,34
8492,34
8493,34
8494,34
8495,35
8496,35
8497,35
8498,35
8499,35
8500,35
8501,35
8502,35
8503,35
8504,35
8505,35
8506,35
8507,35
8508,35
8509,35
8510,35
8511,35
8512,35
8513,35
8514,35
8515,35
8516,35
8517,35
8518,35
8519,35
8520,35
8521,35
8522,35
8523,35
8524,35
8525,35
8526,35
8527,35
8528,35
8529,35
8530,35
8531,35
8532,35
8533,35
8534,35
8535,35
8536,35
8537,35
8538,35
8539,35
8540,35
8541,35
8542,35
8543,35
8544,35
8545,35
8546,35
8547,35
8548,35
8549,35
8550,35
8551,35
8552,35
8553,35
8554,35
8555,35
8556,35
8557,35
8558,35
8559,35
8560,35
8561,35
8562,35
8563,35
8564,35
8565,35
8566,35
8567,35
8568,35
8569,35
8570,35
8571,35
8572,35
8573,35
8574,35
8575,35
8576,35
8577,35
8578,35
8579,35
8580,35
8581,35
8582,35
8583,35
8584,35
8585,35
8586,35
8587,35
8588,35
8589,35
8590,35
8591,35
8592,35
8593,35
8594,35
8595,35
8596,35
8597,35
8598,36
8599,36
8600,36
8601,36
8602,36
8603,36
8604,36
8605,36
8606,36
8607,36
8608,36
8609,36
8610,36
8611,36
8612,36
8613,36
8614,36
8615,36
8616,36
8617,36
8618,36
8619,36
8620,36
8621,36
8622,36
8623,36
8624,36
8625,36
8626,36
8627,36
8628,36
8629,36
8630,36
8631,36
8632,36
8633,36
8634,36
8635,36
8636,36
8637,36
8638,36
8639,36
8640,36
8641,36
8642,36
8643,36
8644,36
8645,36
8646,36
8647,36
8648,36
8649,36
8650,36
8651,36
8652,36
8653,36
8654,36
8655,36
8656,36
8657,36
8658,36
8659,36
8660,36
8661,36
8662,36
8663,36
8664,36
8665,36
8666,36
8667,36
8668,36
8669,36
8670,36
8671,36
8672,36
8673,36
8674,36
8675,36
8676,36
8677,36
8678,36
8679,36
8680,36
8681,36
8682,36
8683,36
8684,36
8685,36
8686,36
8687,36
8688,36
8689,36
8690,36
8691,36
8692,36
8693,36
8694,36
8695,36
8696,36
8697,37
8698,37
8699,37
8700,37
8701,37
8702,37
8703,37
8704,37
8705,37
8706,37
8707,37
8708,37
8709,37
8710,37
8711,37
8712,37
8713,37
8714,37
8715,37
8716,37
8717,37
8718,37
8719,37
8720,37
8721,37
8722,37
8723,37
8724,37
8725,37
8726,37
8727,37
8728,37
8729,37
8730,37
8731,37
8732,37
8733,37
8734,37
8735,37
8736,37
8737,37
8738,37
8739,37
8740,37
8741,37
8742,37
8743,37
8744,37
8745,37
8746,37
8747,37
8748,37
8749,37
8750,37
8751,37
8752,37
8753,37
8754,37
8755,37
8756,37
8757,37
8758,37
8759,37
8760,37
8761,37
8762,37
8763,37
8764,37
8765,37
8766,37
8767,37
8768,37
8769,37
8770,37
8771,37
8772,37
8773,37
8774,37
8775,37
8776,37
8777,37
8778,37
8779,37
8780,37
8781,37
8782,37
8783,37
8784,37
8785,37
8786,37
8787,37
8788,37
8789,37
8790,37
8791,37
8792,37
8793,38
8794,38
8795,38
8796,38
8797,38
8798,38
8799,38
8800,38
8801,38
8802,38
8803,38
8804,38
8805,38
8806,38
8807,38
8808,38
8809,38
8810,38
8811,38
8812,38
8813,38
8814,38
8815,38
8816,38
8817,38
8818,38
8819,38
8820,38
8821,38
8822,38
8823,38
8824,38
8825,38
8826,38
8827,38
8828,38
8829,38
8830,38
8831,38
8832,38
8833,38
8834,38
8835,38
8836,38
8837,38
8838,38
8839,38
8840,38
8841,38
8842,38
8843,38
8844,38
8845,38
8846,38
8847,38
8848,38
8849,38
8850,38
8851,38
8852,38
8853,38
8854,38
8855,38
8856,38
8857,38
8858,38
8859,38
8860,38
8861,38
8862,38
8863,38
8864,38
8865,38
8866,38
8867,38
8868,38
8869,38
8870,38
8871,38
8872,38
8873,38
8874,38
8875,38
8876,38
8877,38
8878,38
8879,38
8880,38
8881,38
8882,38
8883,38
8884,38
8885,38
8886,39
8887,39
8888,39
8889,39
8890,39
8891,39
8892,39
8893,39
8894,39
8895,39
8896,39
8897,39
8898,39
8899,39
8900,39
8901,39
8902,39
8903,39
8904,39
8905,39
8906,39
8907,39
8908,39
8909,39
8910,39
8911,39
8912,39
8913,39
8914,39
8915,39
8916,39
8917,39
8918,39
8919,39
8920,39
8921,39
8922,39
8923,39
8924,39
8925,39
8926,39
8927,39
8928,39
8929,39
8930,39
8931,39
8932,39
8933,39
8934,39
8935,39
8936,39
8937,39
8938,39
8939,39
8940,39
8941,39
8942,39
8943,39
8944,39
8945,39
8946,39
8947,39
8948,39
8949,39
8950,39
8951,39
8952,39
8953,39
8954,39
8955,39
8956,39
8957,39
8958,39
8959,39
8960,39
8961,39
8962,39
8963,39
8964,39
8965,39
8966,39
8967,39
8968,39
8969,39
8970,39
8971,39
8972,39
8973,39
8974,39
8975,39
8976,39
8977,40
8978,40
8979,40
8980,40
8981,40
8982,40
8983,40
8984,40
8985,40
8986,40
8987,40
8988,40
8989,40
8990,40
8991,40
8992,40
8993,40
8994,40
8995,40
8996,40
8997,40
8998,40
8999,40
9000,40
9001,40
9002,40
9003,40
9004,40
9005,40
9006,40
9007,40
9008,40
9009,40
9010,40
9011,40
9012,40
9013,40
9014,40
9015,40
9016,40
9017,40
9018,40
9019,40
9020,40
9021,40
9022,40
9023,40
9024,40
9025,40
9026,40
9027,40
9028,40
9029,40
9030,40
9031,40
9032,40
9033,40
9034,40
9035,40
9036,40
9037,40
9038,40
9039,40
9040,40
9041,40
9042,40
9043,40
9044,40
9045,40
9046,40
9047,40
9048,40
9049,40
9050,40
9051,40
9052,40
9053,40
9054,40
9055,40
9056,40
9057,40
9058,40
9059,40
9060,40
9061,40
9062,40
9063,40
9064,41
9065,41
9066,41
9067,41
9068,41
9069,41
9070,41
9071,41
9072,41
9073,41
9074,41
9075,41
9076,41
9077,41
9078,41
9079,41
9080,41
9081,41
9082,41
9083,41
9084,41
9085,41
9086,41
9087,41
9088,41
9089,41
9090,41
9091,41
9092,41
9093,41
9094,41
9095,41
9096,41
9097,41
9098,41
9099,41
9100,41
9101,41
9102,41
9103,41
9104,41
9105,41
9106,41
9107,41
9108,41
9109,41
9110,41
9111,41
9112,41
9113,41
9114,41
9115,41
9116,41
9117,41
9118,41
9119,41
9120,41
9121,41
9122,41
9123,41
9124,41
9125,41
9126,41
9127,41
9128,41
9129,41
9130,41
9131,41
9132,41
9133,41
9134,41
9135,41
9136,41
9137,41
9138,41
9139,41
9140,41
9141,41
9142,41
9143,41
9144,41
9145,41
9146,41
9147,41
9148,41
9149,42
9150,42
9151,42
9152,42
9153,42
9154,42
9155,42
9156,42
9157,42
9158,42
9159,42
9160,42
9161,42
9162,42
9163,42
9164,42
9165,42
9166,42
9167,42
9168,42
9169,42
9170,42
9171,42
9172,42
9173,42
9174,42
9175,42
9176,42
9177,42
9178,42
9179,42
9180,42
9181,42
9182,42
9183,42
9184,42
9185,42
9186,42
9187,42
9188,42
9189,42
9190,42
9191,42
9192,42
9193,42
9194,42
9195,42
9196,42
9197,42
9198,42
9199,42
9200,42
9201,42
9202,42
9203,42
9204,42
9205,42
9206,42
9207,42
9208,42
9209,42
9210,42
9211,42
9212,42
9213,42
9214,42
9215,42
9216,42
9217,42
9218,42
9219,42
9220,42
9221,42
9222,42
9223,42
9224,42
9225,42
9226,42
9227,42
9228,42
9229,42
9230,42
9231,42
9232,43
9233,43
9234,43
9235,43
9236,43
9237,43
9238,43
9239,43
9240,43
9241,43
9242,43
9243,43
9244,43
9245,43
9246,43
9247,43
9248,43
9249,43
9250,43
9251,43
9252,43
9253,43
9254,43
9255,43
9256,43
9257,43
9258,43
9259,43
9260,43
9261,43
9262,43
9263,43
9264,43
9265,43
9266,43
9267,43
9268,43
9269,43
9270,43
9271,43
9272,43
9273,43
9274,43
9275,43
9276,43
9277,43
9278,43
9279,43
9280,43
9281,43
9282,43
9283,43
9284,43
9285,43
9286,43
9287,43
9288,43
9289,43
9290,43
9291,43
9292,43
9293,43
9294,43
9295,43
9296,43
9297,43
9298,43
9299,43
9300,43
9301,43
9302,43
9303,43
9304,43
9305,43
9306,43
9307,43
9308,43
9309,43
9310,43
9311,43
9312,44
9313,44
9314,44
9315,44
9316,44
9317,44
9318,44
9319,44
9320,44
9321,44
9322,44
9323,44
9324,44
9325,44
9326,44
9327,44
9328,44
9329,44
9330,44
9331,44
9332,44
9333,44
9334,44
9335,44
9336,44
9337,44
9338,44
9339,44
9340,44
9341,44
9342,44
9343,44
9344,44
9345,44
9346,44
9347,44
9348,44
9349,44
9350,44
9351,44
9352,44
9353,44
9354,44
9355,44
9356,44
9357,44
9358,44
9359,44
9360,44
9361,44
9362,44
9363,44
9364,44
9365,44
9366,44
9367,44
9368,44
9369,44
9370,44
9371,44
9372,44
9373,44
9374,44
9375,44
9376,44
9377,44
9378,44
9379,44
9380,44
9381,44
9382,44
9383,44
9384,44
9385,44
9386,44
9387,44
9388,44
9389,45
9390,45
9391,45
9392,45
9393,45
9394,45
9395,45
9396,45
9397,45
9398,45
9399,45
9400,45
9401,45
9402,45
9403,45
9404,45
9405,45
9406,45
9407,45
9408,45
9409,45
9410,45
9411,45
9412,45
9413,45
9414,45
9415,45
9416,45
9417,45
9418,45
9419,45
9420,45
9421,45
9422,45
9423,45
9424,45
9425,45
9426,45
9427,45
9428,45
9429,45
9430,45
9431,45
9432,45
9433,45
9434,45
9435,45
9436,45
9437,45
9438,45
9439,45
9440,45
9441,45
9442,45
9443,45
9444,45
9445,45
9446,45
9447,45
9448,45
9449,45
9450,45
9451,45
9452,45
9453,45
9454,45
9455,45
9456,45
9457,45
9458,45
9459,45
9460,45
9461,45
9462,45
9463,45
9464,45
9465,46
9466,46
9467,46
9468,46
9469,46
9470,46
9471,46
9472,46
9473,46
9474,46
9475,46
9476,46
9477,46
9478,46
9479,46
9480,46
9481,46
9482,46
9483,46
9484,46
9485,46
9486,46
9487,46
9488,46
9489,46
9490,46
9491,46
9492,46
9493,46
9494,46
9495,46
9496,46
9497,46
9498,46
9499,46
9500,46
9501,46
9502,46
9503,46
9504,46
9505,46
9506,46
9507,46
9508,46
9509,46
9510,46
9511,46
9512,46
9513,46
9514,46
9515,46
9516,46
9517,46
9518,46
9519,46
9520,46
9521,46
9522,46
9523,46
9524,46
9525,46
9526,46
9527,46
9528,46
9529,46
9530,46
9531,46
9532,46
9533,46
9534,46
9535,46
9536,46
9537,46
9538,47
9539,47
9540,47
9541,47
9542,47
9543,47
9544,47
9545,47
9546,47
9547,47
9548,47
9549,47
9550,47
9551,47
9552,47
9553,47
9554,47
9555,47
9556,47
9557,47
9558,47
9559,47
9560,47
9561,47
9562,47
9563,47
9564,47
9565,47
9566,47
9567,47
9568,47
9569,47
9570,47
9571,47
9572,47
9573,47
9574,47
9575,47
9576,47
9577,47
9578,47
9579,47
9580,47
9581,47
9582,47
9583,47
9584,47
9585,47
9586,47
9587,47
9588,47
9589,47
9590,47
9591,47
9592,47
9593,47
9594,47
9595,47
9596,47
9597,47
9598,47
9599,47
9600,47
9601,47
9602,47
9603,47
9604,47
9605,47
9606,47
9607,47
9608,47
9609,47
9610,48
9611,48
9612,48
9613,48
9614,48
9615,48
9616,48
9617,48
9618,48
9619,48
9620,48
9621,48
9622,48
9623,48
9624,48
9625,48
9626,48
9627,48
9628,48
9629,48
9630,48
9631,48
9632,48
9633,48
9634,48
9635,48
9636,48
9637,48
9638,48
9639,48
9640,48
9641,48
9642,48
9643,48
9644,48
9645,48
9646,48
9647,48
9648,48
9649,48
9650,48
9651,48
9652,48
9653,48
9654,48
9655,48
9656,48
9657,48
9658,48
9659,48
9660,48
9661,48
9662,48
9663,48
9664,48
9665,48
9666,48
9667,48
9668,48
9669,48
9670,48
9671,48
9672,48
9673,48
9674,48
9675,48
9676,48
9677,48
9678,48
9679,49
9680,49
9681,49
9682,49
9683,49
9684,49
9685,49
9686,49
9687,49
9688,49
9689,49
9690,49
9691,49
9692,49
9693,49
9694,49
9695,49
9696,49
9697,49
9698,49
9699,49
9700,49
9701,49
9702,49
9703,49
9704,49
9705,49
9706,49
9707,49
9708,49
9709,49
9710,49
9711,49
9712,49
9713,49
9714,49
9715,49
9716,49
9717,49
9718,49
9719,49
9720,49
9721,49
9722,49
9723,49
9724,49
9725,49
9726,49
9727,49
9728,49
9729,49
9730,49
9731,49
9732,49
9733,49
9734,49
9735,49
9736,49
9737,49
9738,49
9739,49
9740,49
9741,49
9742,49
9743,49
9744,49
9745,49
9746,49
9747,50
9748,50
9749,50
9750,50
9751,50
9752,50
9753,50
9754,50
9755,50
9756,50
9757,50
9758,50
9759,50
9760,50
9761,50
9762,50
9763,50
9764,50
9765,50
9766,50
9767,50
9768,50
9769,50
9770,50
9771,50
9772,50
9773,50
9774,50
9775,50
9776,50
9777,50
9778,50
9779,50
9780,50
9781,50
9782,50
9783,50
9784,50
9785,50
9786,50
9787,50
9788,50
9789,50
9790,50
9791,50
9792,50
9793,50
9794,50
9795,50
9796,50
9797,50
9798,50
9799,50
9800,50
9801,50
9802,50
9803,50
9804,50
9805,50
9806,50
9807,50
9808,50
9809,50
9810,50
9811,50
9812,50
9813,51
9814,51
9815,51
9816,51
9817,51
9818,51
9819,51
9820,51
9821,51
9822,51
9823,51
9824,51
9825,51
9826,51
9827,51
9828,51
9829,51
9830,51
9831,51
9832,51
9833,51
9834,51
9835,51
9836,51
9837,51
9838,51
9839,51
9840,51
9841,51
9842,51
9843,51
9844,51
9845,51
9846,51
9847,51
9848,51
9849,51
9850,51
9851,51
9852,51
9853,51
9854,51
9855,51
9856,51
9857,51
9858,51
9859,51
9860,51
9861,51
9862,51
9863,51
9864,51
9865,51
9866,51
9867,51
9868,51
9869,51
9870,51
9871,51
9872,51
9873,51
9874,51
9875,51
9876,51
9877,52
9878,52
9879,52
9880,52
9881,52
9882,52
9883,52
9884,52
9885,52
9886,52
9887,52
9888,52
9889,52
9890,52
9891,52
9892,52
9893,52
9894,52
9895,52
9896,52
9897,52
9898,52
9899,52
9900,52
9901,52
9902,52
9903,52
9904,52
9905,52
9906,52
9907,52
9908,52
9909,52
9910,52
9911,52
9912,52
9913,52
9914,52
9915,52
9916,52
9917,52
9918,52
9919,52
9920,52
9921,52
9922,52
9923,52
9924,52
9925,52
9926,52
9927,52
9928,52
9929,52
9930,52
9931,52
9932,52
9933,52
9934,52
9935,52
9936,52
9937,52
9938,52
9939,53
9940,53
9941,53
9942,53
9943,53
9944,53
9945,53
9946,53
9947,53
9948,53
9949,53
9950,53
9951,53
9952,53
9953,53
9954,53
9955,53
9956,53
9957,53
9958,53
9959,53
9960,53
9961,53
9962,53
9963,53
9964,53
9965,53
9966,53
9967,53
9968,53
9969,53
9970,53
9971,53
9972,53
9973,53
9974,53
9975,53
9976,53
9977,53
9978,53
9979,53
9980,53
9981,53
9982,53
9983,53
9984,53
9985,53
9986,53
9987,53
9988,53
9989,53
9990,53
9991,53
9992,53
9993,53
9994,53
9995,53
9996,53
9997,53
9998,53
9999,53
10000,54
10001,54
10002,54
10003,54
10004,54
10005,54
10006,54
10007,54
10008,54
10009,54
10010,54
10011,54
10012,54
10013,54
10014,54
10015,54
10016,54
10017,54
10018,54
10019,54
10020,54
10021,54
10022,54
10023,54
10024,54
10025,54
10026,54
10027,54
10028,54
10029,54
10030,54
10031,54
10032,54
10033,54
10034,54
10035,54
10036,54
10037,54
10038,54
10039,54
10040,54
10041,54
10042,54
10043,54
10044,54
10045,54
10046,54
10047,54
10048,54
10049,54
10050,54
10051,54
10052,54
10053,54
10054,54
10055,54
10056,54
10057,54
10058,54
10059,54
10060,55
10061,55
10062,55
10063,55
10064,55
10065,55
10066,55
10067,55
10068,55
10069,55
10070,55
10071,55
10072,55
10073,55
10074,55
10075,55
10076,55
10077,55
10078,55
10079,55
10080,55
10081,55
10082,55
10083,55
10084,55
10085,55
10086,55
10087,55
10088,55
10089,55
10090,55
10091,55
10092,55
10093,55
10094,55
10095,55
10096,55
10097,55
10098,55
10099,55
10100,55
10101,55
10102,55
10103,55
10104,55
10105,55
10106,55
10107,55
10108,55
10109,55
10110,55
10111,55
10112,55
10113,55
10114,55
10115,55
10116,55
10117,55
10118,56
10119,56
10120,56
10121,56
10122,56
10123,56
10124,56
10125,56
10126,56
10127,56
10128,56
10129,56
10130,56
10131,56
10132,56
10133,56
10134,56
10135,56
10136,56
10137,56
10138,56
10139,56
10140,56
10141,56
10142,56
10143,56
10144,56
10145,56
10146,56
10147,56
10148,56
10149,56
10150,56
10151,56
10152,56
10153,56
10154,56
10155,56
10156,56
10157,56
10158,56
10159,56
10160,56
10161,56
10162,56
10163,56
10164,56
10165,56
10166,56
10167,56
10168,56
10169,56
10170,56
10171,56
10172,56
10173,56
10174,57
10175,57
10176,57
10177,57
10178,57
10179,57
10180,57
10181,57
10182,57
10183,57
10184,57
10185,57
10186,57
10187,57
10188,57
10189,57
10190,57
10191,57
10192,57
10193,57
10194,57
10195,57
10196,57
10197,57
10198,57
10199,57
10200,57
10201,57
10202,57
10203,57
10204,57
10205,57
10206,57
10207,57
10208,57
10209,57
10210,57
10211,57
10212,57
10213,57
10214,57
10215,57
10216,57
10217,57
10218,57
10219,57
10220,57
10221,57
10222,57
10223,57
10224,57
10225,57
10226,57
10227,57
10228,57
10229,58
10230,58
10231,58
10232,58
10233,58
10234,58
10235,58
10236,58
10237,58
10238,58
10239,58
10240,58
10241,58
10242,58
10243,58
10244,58
10245,58
10246,58
10247,58
10248,58
10249,58
10250,58
10251,58
10252,58
10253,58
10254,58
10255,58
10256,58
10257,58
10258,58
10259,58
10260,58
10261,58
10262,58
10263,58
10264,58
10265,58
10266,58
10267,58
10268,58
10269,58
10270,58
10271,58
10272,58
10273,58
10274,58
10275,58
10276,58
10277,58
10278,58
10279,58
10280,58
10281,58
10282,58
10283,59
10284,59
10285,59
10286,59
10287,59
10288,59
10289,59
10290,59
10291,59
10292,59
10293,59
10294,59
10295,59
10296,59
10297,59
10298,59
10299,59
10300,59
10301,59
10302,59
10303,59
10304,59
10305,59
10306,59
10307,59
10308,59
10309,59
10310,59
10311,59
10312,59
10313,59
10314,59
10315,59
10316,59
10317,59
10318,59
10319,59
10320,59
10321,59
10322,59
10323,59
10324,59
10325,59
10326,59
10327,59
10328,59
10329,59
10330,59
10331,59
10332,59
10333,59
10334,59
10335,59
10336,60
10337,60
10338,60
10339,60
10340,60
10341,60
10342,60
10343,60
10344,60
10345,60
10346,60
10347,60
10348,60
10349,60
10350,60
10351,60
10352,60
10353,60
10354,60
10355,60
10356,60
10357,60
10358,60
10359,60
10360,60
10361,60
10362,60
10363,60
10364,60
10365,60
10366,60
10367,60
10368,60
10369,60
10370,60
10371,60
10372,60
10373,60
10374,60
10375,60
10376,60
10377,60
10378,60
10379,60
10380,60
10381,60
10382,60
10383,60
10384,60
10385,60
10386,60
10387,61
10388,61
10389,61
10390,61
10391,61
10392,61
10393,61
10394,61
10395,61
10396,61
10397,61
10398,61
10399,61
10400,61
10401,61
10402,61
10403,61
10404,61
10405,61
10406,61
10407,61
10408,61
10409,61
10410,61
10411,61
10412,61
10413,61
10414,61
10415,61
10416,61
10417,61
10418,61
10419,61
10420,61
10421,61
10422,61
10423,61
10424,61
10425,61
10426,61
10427,61
10428,61
10429,61
10430,61
10431,61
10432,61
10433,61
10434,61
10435,61
10436,61
10437,62
10438,62
10439,62
10440,62
10441,62
10442,62
10443,62
10444,62
10445,62
10446,62
10447,62
10448,62
10449,62
10450,62
10451,62
10452,62
10453,62
10454,62
10455,62
10456,62
10457,62
10458,62
10459,62
10460,62
10461,62
10462,62
10463,62
10464,62
10465,62
10466,62
10467,62
10468,62
10469,62
10470,62
10471,62
10472,62
10473,62
10474,62
10475,62
10476,62
10477,62
10478,62
10479,62
10480,62
10481,62
10482,62
10483,62
10484,62
10485,62
10486,63
10487,63
10488,63
10489,63
10490,63
10491,63
10492,63
10493,63
10494,63
10495,63
10496,63
10497,63
10498,63
10499,63
10500,63
10501,63
10502,63
10503,63
10504,63
10505,63
10506,63
10507,63
10508,63
10509,63
10510,63
10511,63
10512,63
10513,63
10514,63
10515,63
10516,63
10517,63
10518,63
10519,63
10520,63
10521,63
10522,63
10523,63
10524,63
10525,63
10526,63
10527,63
10528,63
10529,63
10530,63
10531,63
10532,63
10533,63
10534,64
10535,64
10536,64
10537,64
10538,64
10539,64
10540,64
10541,64
10542,64
10543,64
10544,64
10545,64
10546,64
10547,64
10548,64
10549,64
10550,64
10551,64
10552,64
10553,64
10554,64
10555,64
10556,64
10557,64
10558,64
10559,64
10560,64
10561,64
10562,64
10563,64
10564,64
10565,64
10566,64
10567,64
10568,64
10569,64
10570,64
10571,64
10572,64
10573,64
10574,64
10575,64
10576,64
10577,64
10578,64
10579,64
10580,64
10581,65
10582,65
10583,65
10584,65
10585,65
10586,65
10587,65
10588,65
10589,65
10590,65
10591,65
10592,65
10593,65
10594,65
10595,65
10596,65
10597,65
10598,65
10599,65
10600,65
10601,65
10602,65
10603,65
10604,65
10605,65
10606,65
10607,65
10608,65
10609,65
10610,65
10611,65
10612,65
10613,65
10614,65
10615,65
10616,65
10617,65
10618,65
10619,65
10620,65
10621,65
10622,65
10623,65
10624,65
10625,65
10626,65
10627,66
10628,66
10629,66
10630,66
10631,66
10632,66
10633,66
10634,66
10635,66
10636,66
10637,66
10638,66
10639,66
10640,66
10641,66
10642,66
10643,66
10644,66
10645,66
10646,66
10647,66
10648,66
10649,66
10650,66
10651,66
10652,66
10653,66
10654,66
10655,66
10656,66
10657,66
10658,66
10659,66
10660,66
10661,66
10662,66
10663,66
10664,66
10665,66
10666,66
10667,66
10668,66
10669,66
10670,66
10671,67
10672,67
10673,67
10674,67
10675,67
10676,67
10677,67
10678,67
10679,67
10680,67
10681,67
10682,67
10683,67
10684,67
10685,67
10686,67
10687,67
10688,67
10689,67
10690,67
10691,67
10692,67
10693,67
10694,67
10695,67
10696,67
10697,67
10698,67
10699,67
10700,67
10701,67
10702,67
10703,67
10704,67
10705,67
10706,67
10707,67
10708,67
10709,67
10710,67
10711,67
10712,67
10713,67
10714,67
10715,68
10716,68
10717,68
10718,68
10719,68
10720,68
10721,68
10722,68
10723,68
10724,68
10725,68
10726,68
10727,68
10728,68
10729,68
10730,68
10731,68
10732,68
10733,68
10734,68
10735,68
10736,68
10737,68
10738,68
10739,68
10740,68
10741,68
10742,68
10743,68
10744,68
10745,68
10746,68
10747,68
10748,68
10749,68
10750,68
10751,68
10752,68
10753,68
10754,68
10755,68
10756,68
10757,68
10758,69
10759,69
10760,69
10761,69
10762,69
10763,69
10764,69
10765,69
10766,69
10767,69
10768,69
10769,69
10770,69
10771,69
10772,69
10773,69
10774,69
10775,69
10776,69
10777,69
10778,69
10779,69
10780,69
10781,69
10782,69
10783,69
10784,69
10785,69
10786,69
10787,69
10788,69
10789,69
10790,69
10791,69
10792,69
10793,69
10794,69
10795,69
10796,69
10797,69
10798,69
10799,69
10800,70
10801,70
10802,70
10803,70
10804,70
10805,70
10806,70
10807,70
10808,70
10809,70
10810,70
10811,70
10812,70
10813,70
10814,70
10815,70
10816,70
10817,70
10818,70
10819,70
10820,70
10821,70
10822,70
10823,70
10824,70
10825,70
10826,70
10827,70
10828,70
10829,70
10830,70
10831,70
10832,70
10833,70
10834,70
10835,70
10836,70
10837,70
10838,70
10839,70
10840,70
10841,71
10842,71
10843,71
10844,71
10845,71
10846,71
10847,71
10848,71
10849,71
10850,71
10851,71
10852,71
10853,71
10854,71
10855,71
10856,71
10857,71
10858,71
10859,71
10860,71
10861,71
10862,71
10863,71
10864,71
10865,71
10866,71
10867,71
10868,71
10869,71
10870,71
10871,71
10872,71
10873,71
10874,71
10875,71
10876,71
10877,71
10878,71
10879,71
10880,71
10881,71
10882,72
10883,72
10884,72
10885,72
10886,72
10887,72
10888,72
10889,72
10890,72
10891,72
10892,72
10893,72
10894,72
10895,72
10896,72
10897,72
10898,72
10899,72
10900,72
10901,72
10902,72
10903,72
10904,72
10905,72
10906,72
10907,72
10908,72
10909,72
10910,72
10911,72
10912,72
10913,72
10914,72
10915,72
10916,72
10917,72
10918,72
10919,72
10920,72
10921,73
10922,73
10923,73
10924,73
10925,73
10926,73
10927,73
10928,73
10929,73
10930,73
10931,73
10932,73
10933,73
10934,73
10935,73
10936,73
10937,73
10938,73
10939,73
10940,73
10941,73
10942,73
10943,73
10944,73
10945,73
10946,73
10947,73
10948,73
10949,73
10950,73
10951,73
10952,73
10953,73
10954,73
10955,73
10956,73
10957,73
10958,73
10959,73
10960,74
10961,74
10962,74
10963,74
10964,74
10965,74
10966,74
10967,74
10968,74
10969,74
10970,74
10971,74
10972,74
10973,74
10974,74
10975,74
10976,74
10977,74
10978,74
10979,74
10980,74
10981,74
10982,74
10983,74
10984,74
10985,74
10986,74
10987,74
10988,74
10989,74
10990,74
10991,74
10992,74
10993,74
10994,74
10995,74
10996,74
10997,74
10998,75
10999,75
11000,75
11001,75
11002,75
11003,75
11004,75
11005,75
11006,75
11007,75
11008,75
11009,75
11010,75
11011,75
11012,75
11013,75
11014,75
11015,75
11016,75
11017,75
11018,75
11019,75
11020,75
11021,75
11022,75
11023,75
11024,75
11025,75
11026,75
11027,75
11028,75
11029,75
11030,75
11031,75
11032,75
11033,75
11034,75
11035,76
11036,76
11037,76
11038,76
11039,76
11040,76
11041,76
11042,76
11043,76
11044,76
11045,76
11046,76
11047,76
11048,76
11049,76
11050,76
11051,76
11052,76
11053,76
11054,76
11055,76
11056,76
11057,76
11058,76
11059,76
11060,76
11061,76
11062,76
11063,76
11064,76
11065,76
11066,76
11067,76
11068,76
11069,76
11070,76
11071,77
11072,77
11073,77
11074,77
11075,77
11076,77
11077,77
11078,77
11079,77
11080,77
11081,77
11082,77
11083,77
11084,77
11085,77
11086,77
11087,77
11088,77
11089,77
11090,77
11091,77
11092,77
11093,77
11094,77
11095,77
11096,77
11097,77
11098,77
11099,77
11100,77
11101,77
11102,77
11103,77
11104,77
11105,77
11106,77
11107,78
11108,78
11109,78
11110,78
11111,78
11112,78
11113,78
11114,78
11115,78
11116,78
11117,78
11118,78
11119,78
11120,78
11121,78
11122,78
11123,78
11124,78
11125,78
11126,78
11127,78
11128,78
11129,78
11130,78
11131,78
11132,78
11133,78
11134,78
11135,78
11136,78
11137,78
11138,78
11139,78
11140,78
11141,78
11142,79
11143,79
11144,79
11145,79
11146,79
11147,79
11148,79
11149,79
11150,79
11151,79
11152,79
11153,79
11154,79
11155,79
11156,79
11157,79
11158,79
11159,79
11160,79
11161,79
11162,79
11163,79
11164,79
11165,79
11166,79
11167,79
11168,79
11169,79
11170,79
11171,79
11172,79
11173,79
11174,79
11175,79
11176,80
11177,80
11178,80
11179,80
11180,80
11181,80
11182,80
11183,80
11184,80
11185,80
11186,80
11187,80
11188,80
11189,80
11190,80
11191,80
11192,80
11193,80
11194,80
11195,80
11196,80
11197,80
11198,80
11199,80
11200,80
11201,80
11202,80
11203,80
11204,80
11205,80
11206,80
11207,80
11208,80
11209,80
11210,81
11211,81
11212,81
11213,81
11214,81
11215,81
11216,81
11217,81
11218,81
11219,81
11220,81
11221,81
11222,81
11223,81
11224,81
11225,81
11226,81
11227,81
11228,81
11229,81
11230,81
11231,81
11232,81
11233,81
11234,81
11235,81
11236,81
11237,81
11238,81
11239,81
11240,81
11241,81
11242,81
11243,82
11244,82
11245,82
11246,82
11247,82
11248,82
11249,82
11250,82
11251,82
11252,82
11253,82
11254,82
11255,82
11256,82
11257,82
11258,82
11259,82
11260,82
11261,82
11262,82
11263,82
11264,82
11265,82
11266,82
11267,82
11268,82
11269,82
11270,82
11271,82
11272,82
11273,82
11274,82
11275,83
11276,83
11277,83
11278,83
11279,83
11280,83
11281,83
11282,83
11283,83
11284,83
11285,83
11286,83
11287,83
11288,83
11289,83
11290,83
11291,83
11292,83
11293,83
11294,83
11295,83
11296,83
11297,83
11298,83
11299,83
11300,83
11301,83
11302,83
11303,83
11304,83
11305,83
11306,83
11307,84
11308,84
11309,84
11310,84
11311,84
11312,84
11313,84
11314,84
11315,84
11316,84
11317,84
11318,84
11319,84
11320,84
11321,84
11322,84
11323,84
11324,84
11325,84
11326,84
11327,84
11328,84
11329,84
11330,84
11331,84
11332,84
11333,84
11334,84
11335,84
11336,84
11337,84
11338,84
11339,85
11340,85
11341,85
11342,85
11343,85
11344,85
11345,85
11346,85
11347,85
11348,85
11349,85
11350,85
11351,85
11352,85
11353,85
11354,85
11355,85
11356,85
11357,85
11358,85
11359,85
11360,85
11361,85
11362,85
11363,85
11364,85
11365,85
11366,85
11367,85
11368,85
11369,86
11370,86
11371,86
11372,86
11373,86
11374,86
11375,86
11376,86
11377,86
11378,86
11379,86
11380,86
11381,86
11382,86
11383,86
11384,86
11385,86
11386,86
11387,86
11388,86
11389,86
11390,86
11391,86
11392,86
11393,86
11394,86
11395,86
11396,86
11397,86
11398,86
11399,87
11400,87
11401,87
11402,87
11403,87
11404,87
11405,87
11406,87
11407,87
11408,87
11409,87
11410,87
11411,87
11412,87
11413,87
11414,87
11415,87
11416,87
11417,87
11418,87
11419,87
11420,87
11421,87
11422,87
11423,87
11424,87
11425,87
11426,87
11427,87
11428,87
11429,88
11430,88
11431,88
11432,88
11433,88
11434,88
11435,88
11436,88
11437,88
11438,88
11439,88
11440,88
11441,88
11442,88
11443,88
11444,88
11445,88
11446,88
11447,88
11448,88
11449,88
11450,88
11451,88
11452,88
11453,88
11454,88
11455,88
11456,88
11457,88
11458,89
11459,89
11460,89
11461,89
11462,89
11463,89
11464,89
11465,89
11466,89
11467,89
11468,89
11469,89
11470,89
11471,89
11472,89
11473,89
11474,89
11475,89
11476,89
11477,89
11478,89
11479,89
11480,89
11481,89
11482,89
11483,89
11484,89
11485,89
11486,89
11487,90
11488,90
11489,90
11490,90
11491,90
11492,90
11493,90
11494,90
11495,90
11496,90
11497,90
11498,90
11499,90
11500,90
11501,90
11502,90
11503,90
11504,90
11505,90
11506,90
11507,90
11508,90
11509,90
11510,90
11511,90
11512,90
11513,90
11514,90
11515,91
11516,91
11517,91
11518,91
11519,91
11520,91
11521,91
11522,91
11523,91
11524,91
11525,91
11526,91
11527,91
11528,91
11529,91
11530,91
11531,91
11532,91
11533,91
11534,91
11535,91
11536,91
11537,91
11538,91
11539,91
11540,91
11541,91
11542,91
11543,92
11544,92
11545,92
11546,92
11547,92
11548,92
11549,92
11550,92
11551,92
11552,92
11553,92
11554,92
11555,92
11556,92
11557,92
11558,92
11559,92
11560,92
11561,92
11562,92
11563,92
11564,92
11565,92
11566,92
11567,92
11568,92
11569,92
11570,93
11571,93
11572,93
11573,93
11574,93
11575,93
11576,93
11577,93
11578,93
11579,93
11580,93
11581,93
11582,93
11583,93
11584,93
11585,93
11586,93
11587,93
11588,93
11589,93
11590,93
11591,93
11592,93
11593,93
11594,93
11595,93
11596,94
11597,94
11598,94
11599,94
11600,94
11601,94
11602,94
11603,94
11604,94
11605,94
11606,94
11607,94
11608,94
11609,94
11610,94
11611,94
11612,94
11613,94
11614,94
11615,94
11616,94
11617,94
11618,94
11619,94
11620,94
11621,94
11622,94
11623,95
11624,95
11625,95
11626,95
11627,95
11628,95
11629,95
11630,95
11631,95
11632,95
11633,95
11634,95
11635,95
11636,95
11637,95
11638,95
11639,95
11640,95
11641,95
11642,95
11643,95
11644,95
11645,95
11646,95
11647,95
11648,96
11649,96
11650,96
11651,96
11652,96
11653,96
11654,96
11655,96
11656,96
11657,96
11658,96
11659,96
11660,96
11661,96
11662,96
11663,96
11664,96
11665,96
11666,96
11667,96
11668,96
11669,96
11670,96
11671,96
11672,96
11673,96
11674,97
11675,97
11676,97
11677,97
11678,97
11679,97
11680,97
11681,97
11682,97
11683,97
11684,97
11685,97
11686,97
11687,97
11688,97
11689,97
11690,97
11691,97
11692,97
11693,97
11694,97
11695,97
11696,97
11697,97
11698,97
11699,98
11700,98
11701,98
11702,98
11703,98
11704,98
11705,98
11706,98
11707,98
11708,98
11709,98
11710,98
11711,98
11712,98
11713,98
11714,98
11715,98
11716,98
11717,98
11718,98
11719,98
11720,98
11721,98
11722,98
11723,99
11724,99
11725,99
11726,99
11727,99
11728,99
11729,99
11730,99
11731,99
11732,99
11733,99
11734,99
11735,99
11736,99
11737,99
11738,99
11739,99
11740,99
11741,99
11742,99
11743,99
11744,99
11745,99
11746,99
11747,99
11748,100
11749,100
11750,100
11751,100
11752,100
11753,100
11754,100
11755,100
11756,100
11757,100
11758,100
11759,100
11760,100
11761,100
11762,100
11763,100
11764,100
11765,100
11766,100
11767,100
11768,100
11769,100
11770,100
11771,101
11772,101
11773,101
11774,101
11775,101
11776,101
11777,101
11778,101
11779,101
11780,101
11781,101
11782,101
11783,101
11784,101
11785,101
11786,101
11787,101
11788,101
11789,101
11790,101
11791,101
11792,101
11793,101
11794,101
11795,102
11796,102
11797,102
11798,102
11799,102
11800,102
11801,102
11802,102
11803,102
11804,102
11805,102
11806,102
11807,102
11808,102
11809,102
11810,102
11811,102
11812,102
11813,102
11814,102
11815,102
11816,102
11817,102
11818,103
11819,103
11820,103
11821,103
11822,103
11823,103
11824,103
11825,103
11826,103
11827,103
11828,103
11829,103
11830,103
11831,103
11832,103
11833,103
11834,103
11835,103
11836,103
11837,103
11838,103
11839,103
11840,103
11841,104
11842,104
11843,104
11844,104
11845,104
11846,104
11847,104
11848,104
11849,104
11850,104
11851,104
11852,104
11853,104
11854,104
11855,104
11856,104
11857,104
11858,104
11859,104
11860,104
11861,104
11862,104
11863,105
11864,105
11865,105
11866,105
11867,105
11868,105
11869,105
11870,105
11871,105
11872,105
11873,105
11874,105
11875,105
11876,105
11877,105
11878,105
11879,105
11880,105
11881,105
11882,105
11883,105
11884,105
11885,106
11886,106
11887,106
11888,106
11889,106
11890,106
11891,106
11892,106
11893,106
11894,106
11895,106
11896,106
11897,106
11898,106
11899,106
11900,106
11901,106
11902,106
11903,106
11904,106
11905,106
11906,106
11907,107
11908,107
11909,107
11910,107
11911,107
11912,107
11913,107
11914,107
11915,107
11916,107
11917,107
11918,107
11919,107
11920,107
11921,107
11922,107
11923,107
11924,107
11925,107
11926,107
11927,107
11928,108
11929,108
11930,108
11931,108
11932,108
11933,108
11934,108
11935,108
11936,108
11937,108
11938,108
11939,108
11940,108
11941,108
11942,108
11943,108
11944,108
11945,108
11946,108
11947,108
11948,108
11949,109
11950,109
11951,109
11952,109
11953,109
11954,109
11955,109
11956,109
11957,109
11958,109
11959,109
11960,109
11961,109
11962,109
11963,109
11964,109
11965,109
11966,109
11967,109
11968,109
11969,109
11970,110
11971,110
11972,110
11973,110
11974,110
11975,110
11976,110
11977,110
11978,110
11979,110
11980,110
11981,110
11982,110
11983,110
11984,110
11985,110
11986,110
11987,110
11988,110
11989,110
11990,111
11991,111
11992,111
11993,111
11994,111
11995,111
11996,111
11997,111
11998,111
11999,111
12000,111
12001,111
12002,111
12003,111
12004,111
12005,111
12006,111
12007,111
12008,111
12009,111
12010,112
12011,112
12012,112
12013,112
12014,112
12015,112
12016,112
12017,112
12018,112
12019,112
12020,112
12021,112
12022,112
12023,112
12024,112
12025,112
12026,112
12027,112
12028,112
12029,112
12030,113
12031,113
12032,113
12033,113
12034,113
12035,113
12036,113
12037,113
12038,113
12039,113
12040,113
12041,113
12042,113
12043,113
12044,113
12045,113
12046,113
12047,113
12048,113
12049,113
12050,114
12051,114
12052,114
12053,114
12054,114
12055,114
12056,114
12057,114
12058,114
12059,114
12060,114
12061,114
12062,114
12063,114
12064,114
12065,114
12066,114
12067,114
12068,114
12069,115
12070,115
12071,115
12072,115
12073,115
12074,115
12075,115
12076,115
12077,115
12078,115
12079,115
12080,115
12081,115
12082,115
12083,115
12084,115
12085,115
12086,115
12087,115
12088,116
12089,116
12090,116
12091,116
12092,116
12093,116
12094,116
12095,116
12096,116
12097,116
12098,116
12099,116
12100,116
12101,116
12102,116
12103,116
12104,116
12105,116
12106,116
12107,117
12108,117
12109,117
12110,117
12111,117
12112,117
12113,117
12114,117
12115,117
12116,117
12117,117
12118,117
12119,117
12120,117
12121,117
12122,117
12123,117
12124,117
12125,118
12126,118
12127,118
12128,118
12129,118
12130,118
12131,118
12132,118
12133,118
12134,118
12135,118
12136,118
12137,118
12138,118
12139,118
12140,118
12141,118
12142,118
12143,119
12144,119
12145,119
12146,119
12147,119
12148,119
12149,119
12150,119
12151,119
12152,119
12153,119
12154,119
12155,119
12156,119
12157,119
12158,119
12159,119
12160,119
12161,120
12162,120
12163,120
12164,120
12165,120
12166,120
12167,120
12168,120
12169,120
12170,120
12171,120
12172,120
12173,120
12174,120
12175,120
12176,120
12177,120
12178,120
12179,121
12180,121
12181,121
12182,121
12183,121
12184,121
12185,121
12186,121
12187,121
12188,121
12189,121
12190,121
12191,121
12192,121
12193,121
12194,121
12195,121
12196,121
12197,122
12198,122
12199,122
12200,122
12201,122
12202,122
12203,122
12204,122
12205,122
12206,122
12207,122
12208,122
12209,122
12210,122
12211,122
12212,122
12213,122
12214,123
12215,123
12216,123
12217,123
12218,123
12219,123
12220,123
12221,123
12222,123
12223,123
12224,123
12225,123
12226,123
12227,123
12228,123
12229,123
12230,123
12231,124
12232,124
12233,124
12234,124
12235,124
12236,124
12237,124
12238,124
12239,124
12240,124
12241,124
12242,124
12243,124
12244,124
12245,124
12246,124
12247,124
12248,125
12249,125
12250,125
12251,125
12252,125
12253,125
12254,125
12255,125
12256,125
12257,125
12258,125
12259,125
12260,125
12261,125
12262,125
12263,125
12264,126
12265,126
12266,126
12267,126
12268,126
12269,126
12270,126
12271,126
12272,126
12273,126
12274,126
12275,126
12276,126
12277,126
12278,126
12279,126
12280,127
12281,127
12282,127
12283,127
12284,127
12285,127
12286,127
12287,127
